PMID
32576286
7442988
15115064
24517058
35894918
6654225
3897910
30796921
24054105
21387692
4574283
31314119
8584809
2680608
28044452
27326858
14860357
37174641
11035402
1274703
32015467
18180014
36810252
33161928
17681434
5906418
1882733
19261230
36208095
14746425
2708041
23568168
10749516
21796103
5346576
35473633
1775089
19685813
16244571
16276559
15221931
11438856
31688380
13906390
17190139
20159133
11771945
17361539
29777529
740190
37644343
2901077
25892508
2840539
8781644
10750701
37767072
15631819
27070004
13947986
28183217
34272727
15820354
33494049
33185824
33248506
14173762
31330239
22058008
2793103
13295828
15986849
10343327
22785400
11030806
20012471
10888091
18052958
17996378
7065610
7126106
34846186
19782718
28182471
37339206
4851535
25359445
6102691
1929204
20447813
20424061
36655658
3406244
28497533
5135741
34940855
29067401
2562495
2500373
34312308
30898445
37506604
23600899
22522214
6324347
17890092
2586308
24145687
18131833
13714529
32138797
1573187
6859103
2590699
21174521
14626149
17488322
11063257
32938453
21921084
8387729
19743544
607254
33730906
21523606
8988463
26321021
15834261
10181464
24867335
15185434
16025772
3449772
31178240
16166868
2048645
16546355
29194219
17417810
6333720
28710845
12916184
8997418
23171149
33411776
6290544
29299775
22963908
16044216
8959423
19727640
27524168
20993373
16333492
20116047
32176954
19455483
1029261
29165771
23062485
10193612
24108802
22880116
2775960
10561521
11596825
16272803
7255641
2885895
11725215
22173147
4355064
30691779
15957200
35984740
21954106
17607639
24686768
2370455
33154348
1622782
7626279
27553980
29076783
17765746
28632446
6268513
28849573
20270546
20969897
18200440
20491552
24290450
32940823
27469020
34528335
33302191
27244063
4904810
19042771
15743335
28167648
14522294
13143756
6357237
12168688
24355148
61390
20736152
31270044
32830643
9261485
12426726
33937974
21950185
21308988
35164524
33942155
6206962
5536588
22361990
30108144
16444349
29792052
34863428
3231539
21193992
4249339
24513083
30931632
20309621
5602372
27091333
35272593
13393732
21801983
33010092
2299675
9881546
23926278
21280167
33007141
26356409
17240150
9251930
16533970
33508268
26274986
24497652
14485506
9372735
33493062
22907187
12566837
22222543
943437
24064400
29844223
25837613
23870366
16289119
1434181
24060800
4402344
12825489
9441197
25273029
4903643
30200997
23242090
3884929
36261693
6779335
26169474
7512580
25219694
19389420
21250798
20573052
9355601
15894460
31786550
25639519
30938893
6652988
31667735
6799932
32399646
18314446
9619074
24399166
28151820
35032758
22638859
2143992
14991808
21353141
34023301
25714521
30063786
16599293
24628249
12762556
18389529
28062343
21602685
1361041
15440539
18312448
6569520
23095849
26513639
32552074
26419196
23525317
16501219
1611610
15781850
10745181
33398531
3101806
23121308
23985232
11722151
37951702
6335663
12802225
10776912
34247578
22833457
3921144
8267174
37154884
23380108
18462109
22956694
15792318
18040277
11601783
36462393
36601656
32134532
10708817
31945584
2572989
32858312
28196395
20547124
4721063
31276598
4684588
25384933
23834377
358822
9586700
2991723
33860704
7666232
6261982
37178103
824861
28673666
34775687
15683551
28115194
26366829
9126189
13719253
22498119
7076148
17676601
30953408
11097245
32631594
35871566
23731741
25906525
17766726
11276037
9657652
21669013
8428898
22019699
15405403
33528331
23183516
27030558
25007171
17018553
7892356
11018077
21149821
19558254
3346695
9235063
20801087
4098810
20994613
9308415
23182738
6315428
10210363
4387090
10180322
21243263
7823049
20301932
34207317
5505866
26474818
27661289
5771482
11523839
23287986
20725064
6452271
15824260
31246379
19006007
32503353
10587977
34732582
6461312
24837743
20211639
27314365
4578041
28954634
2421958
34915734
23124487
12075045
26732957
23514079
2937241
2319149
21768730
14711492
15897501
28368413
13909692
19763809
4375785
5954925
31944580
28027134
3305980
14320757
19397425
18983627
14888871
189145
15495099
14083141
30663162
30818044
32279420
17287644
7117826
1529622
20873456
22939118
10514764
26516889
34622713
3246110
9068335
7345785
6682403
22363216
20987266
11869428
8689350
14898550
29609110
11958186
33533946
12962299
13441427
29474382
6236771
35672911
31729168
25248342
15580211
1980185
24831083
17197198
1107116
22255508
13278687
18540779
35264128
27405098
15435624
29172241
9562302
13801069
33123596
24128599
32299778
34131185
22400458
19469685
22684936
18523322
2786071
15689333
27257117
20535715
17984856
23164487
5180232
23994925
16239878
24473704
7526192
34785482
11367967
34516220
2441955
33433112
22438190
3363298
8022624
25675779
16767098
3087662
6110346
20921568
1410542
20603398
15853521
1315536
5407444
7002247
31409401
14947034
30269537
9141543
6141275
15926646
11449747
27596026
30327142
17346913
13621914
8053164
34516238
5436836
3239304
5911389
5409326
16189752
17195699
19435636
26370685
11682348
21191623
18540329
23732069
3610529
1491438
9531927
26867166
19054410
29326139
15206562
36573865
20883914
8197260
15851920
11795704
37336025
18229504
5315867
34023083
8129058
32598273
25649194
35248786
1581789
13440071
9472877
37287360
1543185
5741022
34884036
16807870
25541149
26714784
6451971
10211470
16332401
12815734
25380591
12938867
8026947
5512615
19892579
32721633
21902053
9666878
34264621
1480730
28576629
36915271
1913372
20453261
23628937
32794657
9600223
12624948
23217021
28760387
35598655
30658131
19825785
26645798
12240674
21336508
73051
35478467
5386047
11781147
34526055
32214272
14768672
33172325
6910924
23514245
19479161
15365721
1506887
8482396
31507272
782834
7599023
30119850
20201843
12614343
28666915
18773879
9126060
26747211
32665027
14264757
29630712
36852436
2427896
32072183
15853502
29572267
12669242
30208905
5938270
18674396
25586854
4446792
33321492
37336053
13027993
20728578
6552572
21921596
13176565
12724452
26334511
26786546
28339304
22733427
28627925
5628640
4985490
4046326
28594056
22706417
18787971
6293320
30291174
21180303
2909676
30864466
5476421
23697094
35085001
11770244
11592259
6297345
2414514
5140419
12243487
1531826
29260701
28707407
22820582
13710069
15673232
22846791
18982754
15580376
24606100
24619358
6299175
3865248
33184815
14136808
4097891
33253619
32012170
26021727
2706126
8248051
27459437
10532637
1502879
4673018
2901238
34418388
18650171
28214813
14299283
10928737
1792927
18514616
1143636
20084559
10663517
16132199
10494527
19716662
29678039
1873375
6423363
26455753
35786719
36897426
31705515
27826649
8038960
1544517
3694542
20619261
7563640
1801572
18514148
25354518
33190975
33764656
3543833
9520072
21764233
848614
8848502
11393460
6066408
31282688
6734429
28808167
5584626
5707595
3502447
642695
34973289
21698255
21989458
37027317
12098079
5305224
5397884
11025624
11589328
1958245
8126513
899472
22576268
27356602
8303890
31945765
28317947
20669334
11303545
3406555
28089985
14395363
1807525
10652033
23574291
18827269
35909054
14239302
28937600
29730874
2234305
23149030
16575309
19890074
22163278
28387153
24195899
22854057
12808201
32709705
4920718
33533978
25600944
13186914
20116030
29923930
15460171
25336011
17176809
12056084
26683601
17473104
534044
28167096
9295179
15152788
28611084
8285152
36791748
28440192
8825886
32847413
2091144
26361065
18912655
29879331
6773088
648545
19884429
36528441
19200949
28833532
14733081
7246293
14791203
29539627
28735440
16565515
29522119
9578672
34038187
32845287
21812739
14346708
7255643
31243911
14165272
17145000
26890312
18978724
9883043
18866793
6065703
20260308
8189399
2873733
14846458
37341526
23648005
20952140
17435928
21713391
29428405
25731774
29468574
21078841
31829819
1353892
9630769
28914559
9380064
19057286
32668389
29405145
8565436
28395002
14196748
27527755
25804581
30761924
23810780
25413246
14585853
29489694
12044411
25825021
33922322
24020696
24410287
7124996
4685875
13099881
7728485
36940077
20537122
25073691
31682229
10771926
8497646
19432386
4758442
15765832
23174468
21112701
8748814
10901162
27737869
4310543
30539767
28315610
18753
26479113
22748423
29462105
36078361
31899604
22486012
14485041
6068314
27419819
13195578
27477332
31651418
33479201
8770348
9514295
14733976
12764287
25907842
16226047
34500626
12789945
23370463
9260992
21550668
32929643
16571953
36410307
26654664
16630170
8884593
5693257
8247604
3650227
17087813
8988466
34106144
30974102
12380858
18357830
10905103
33736678
23524624
32779869
31825367
8657216
35970734
7014211
23791711
35922846
14963969
15291713
22420589
30290751
14655759
13180338
22728865
12741025
25960208
3917294
9133745
35288616
25588679
22926093
19535215
20615456
29101712
22716182
19901175
10785257
32618053
6496791
18488405
36738082
6568756
11206029
9069541
15270203
32142668
32541457
12666465
8264869
960155
32699204
23668877
22851280
11013459
36314672
15608095
715658
23447589
26836697
31776882
37354696
8679482
36136341
32331418
36803317
27714682
5304242
28698926
33498908
34347327
7467939
15222876
9762379
15890835
35318844
10402228
20608001
27180681
32642948
24184523
332377
7954759
31478214
8084630
17419670
2125805
2173558
15002343
23635966
37564014
3490239
25351111
33218329
3059298
8291133
23393933
10230138
406783
22913619
16756227
24314854
37459647
27309964
2366164
27503465
31484957
29908484
5661077
35523565
5398875
20367077
24009395
3903743
12216365
20994266
24883050
7064906
19259552
21545005
25182407
21118068
8594167
2916270
13017111
16596938
29450726
9588530
6607126
23629739
30747904
27311246
11514259
15249310
3744369
3049282
23134619
26931466
7813676
10410848
8956652
3060558
9536340
4971226
10413567
17348571
31162763
16859888
7862905
18056251
29192858
22130524
9659001
30527770
22522192
27981399
5377451
30247091
32623925
721341
2597851
9605698
28118304
15476533
15680341
18711080
17476853
29737196
16624267
5006379
9197124
1351342
31025589
8796542
7193787
10494054
1258443
30760172
11580007
9698742
8746418
2046123
4466560
32400175
26422742
22784801
13116759
9204106
20427549
31665485
34285192
20362421
23037610
16894184
28259879
19812460
23954740
4239573
18757962
7787836
26450593
5754346
1115261
29303779
23677732
6428921
23263196
20714809
37802224
25522360
33712510
5111665
31264559
31931142
3962925
24115713
5041324
21561555
14215866
18712059
24892819
27138817
28196949
3421376
9733418
25666180
10360480
17565028
1543087
18210785
3995119
22590800
29353102
23171473
12470435
21255795
12649763
29648976
1180012
31012856
724830
29102447
25080285
23288410
28814253
17409106
12208834
12140790
29504098
393246
3799645
27440364
27343888
6071942
16549950
17191685
23972829
5126765
8354513
27623981
33641386
23545352
1426859
32093571
10365526
9454354
23535203
2083002
3426206
37374256
36473448
23010135
6050359
13322311
21613789
12472824
37749080
304556
35617623
9101055
25824694
24019001
33054545
5850671
4486316
10858008
11013322
13984158
36424748
15731966
9109103
3154051
23011423
23608123
17955526
6625984
26844965
37254733
13965582
37054802
27461663
21410485
16524173
33000413
8122191
2864485
37042595
4492282
25841756
6144052
9196353
21279865
8829758
22399019
35257286
8297640
21272111
12395691
16700101
20638984
12484406
33070646
36220223
23468199
24479289
13680082
26404041
10564623
27491293
21280516
31818633
31317281
5140352
30646389
31443692
10430052
20300735
19482236
5006481
30680900
15211398
24301301
23733922
23909246
30398582
20440403
21506146
10957654
2393434
3557213
317142
28552947
18382180
32441022
4943334
35332187
3711875
14529362
20377428
30277728
13735518
4899277
8483863
28073181
36146383
35110491
5741950
27544004
22413476
34096396
22303490
26460571
26493636
13068379
24360540
11222467
21951913
8682749
32641536
35665437
23398776
2803826
11844891
15957677
11323575
31971857
26738967
23594850
3748456
23352684
16322902
24746530
25868142
12210229
5638435
2952402
29074032
2481778
2638041
10994101
7568370
18375019
1327351
23740375
3980710
6986939
29554099
29146209
20599140
30353480
22436365
3137082
4189563
24524869
17940342
28646884
8215752
8481159
37747977
3927366
15107662
15292181
19055976
37464196
14713669
30537717
9154258
89122
29156474
20301010
27112356
25044027
18568779
30528173
6262150
13056666
33302171
11172943
11091872
35757429
32623545
15253110
18598697
6311975
30775985
8485433
871292
2062989
25050815
35578869
8750334
19478520
32701419
36744350
3926473
37259705
30843423
29192863
12828803
13484068
37900065
34665205
688590
34670632
13456563
34043593
26835857
27297936
33351671
8460962
22954836
33893488
16353756
15807099
20560720
12680793
11320278
8240570
10969416
13171234
17524565
31242486
16223165
25532586
19544314
2762450
23988644
18832663
8749833
32459431
18580596
6224838
13446308
33900901
13915119
23479487
20516723
28690033
18991888
539570
570564
4291066
3737266
25529258
26604015
386409
9720126
1424704
31865973
2388643
6891758
9255596
27669997
19521645
16426103
26647792
23034259
25105433
3879874
15334696
4754102
10589533
30029063
30035586
17696795
4534276
27314344
14526774
32311996
3002922
4856063
6932716
7444599
9040534
24399263
1611929
18084001
20610741
14254773
15416922
11524795
5554353
7270739
4577470
6301188
30852930
1958152
9919295
15779739
34289965
33866227
15642876
16218121
34958677
30535564
15578606
14476696
33771822
8048734
21396684
23538310
27703091
19228848
14503226
15657752
29228382
18194524
17467389
34193113
3851906
2338549
11552726
18683238
22810096
16503092
4368177
32799337
8033937
32306272
33712553
4616744
7099311
35419585
1968717
33238806
4721784
30423818
7292565
33341816
19419286
9109029
15511376
9106232
13935732
34991042
2656780
13864083
15319702
14499209
24546956
14681967
29518790
15576072
30406914
14977209
33633006
29979527
18626385
28270631
12707046
33407388
27692730
29550386
36114949
503829
6495805
15544727
12792898
30059733
2209489
28951181
1810228
17276371
30954736
26340346
18303702
5109736
11424163
31685922
34912298
4308569
1891431
21412213
34708477
4356360
14112167
2124091
8086734
25402009
10791858
10227437
15362719
9750594
28274150
9590466
25509368
5600109
32801199
9547770
29608880
9012181
13173914
27158936
20002425
19673804
1498590
22677621
23525645
13586433
30181120
29279071
14091493
17317450
4542033
15741793
24120329
27929658
9396307
32926148
30798192
18829869
28319054
32421607
13602451
22250194
25496414
29153874
15970229
33389151
23195952
18479840
5152607
27638506
15744953
31794280
28350792
6413048
18874499
30336106
15102918
6105376
23199418
27163672
7016979
8773796
23768781
17592067
28834969
6615051
17621379
24480472
8546853
10829805
1853795
11867861
15185269
1578449
32198120
30370657
8245323
21929487
23318473
22220445
27896769
19102672
13976521
34184976
28784338
27777378
17646811
1146869
27785533
36563534
25891315
26849479
31376096
27378334
24048081
15370733
17943678
36631047
11483415
26472650
3055261
36788262
31648430
24847992
19750102
25855197
5165642
22909445
23149168
15368590
5590821
23445354
5505319
31813807
18317780
2121003
34048402
17876387
34749286
33762687
6554339
6214831
7347889
8304395
10378727
12397670
20418678
4216858
2347831
2919263
32446556
30764877
8895943
8054268
33779331
10527059
23095594
30953233
29790427
17041840
24753136
29969907
1999587
26031237
25978940
4767843
11324179
18093740
28900716
6072570
10461496
3952257
30744527
26847429
8613873
20971934
21294942
35781465
4808306
24538953
28765170
34128619
23176747
5147543
21664060
24067007
32708963
692841
32876704
20150876
2397086
28836826
20097263
12799786
36690859
31875461
23974083
8510058
37277757
15544577
6024524
21753175
13291848
15382732
27186593
22946706
9861576
23592474
32664104
8347338
9119144
8733222
27630086
32683471
28120108
7771669
18418259
2726726
11181573
5073255
33691710
7148250
7531668
10888186
2787484
8726784
29564731
20486703
14757298
23888326
16253725
35193083
25257173
18548829
32154651
1902015
33295077
13388022
21249441
9565090
10762371
14185401
24491606
30507963
10936932
20470067
423003
8969775
19569580
2278274
33126859
31076822
12790901
9709517
30661251
8564833
22615483
9755315
7565833
3625187
25540200
7737621
16831788
14366895
14916807
37211499
1145801
16737451
15173340
1067610
33264201
13130873
29676814
18541041
8240839
6796776
15939959
8151000
27880819
16796599
5867374
16086615
27474963
11775071
6472419
3404361
3290703
7664768
9552975
17054228
14246657
406618
19054531
4948053
4770380
37211337
25952904
671690
30056418
7401856
27490832
19176415
31155341
460499
34050644
6644770
2597898
33211254
23321265
25544506
15217203
149105
23208306
4352778
22183471
27273511
33027183
26539989
32967293
15369417
33249564
10883547
36857310
25365615
14021429
6761697
21320253
17531385
23336815
32132100
9676841
30079883
18763321
33393402
36930236
21211501
181996
22079819
34607723
27469219
20586998
4730650
1122897
26438217
19937250
11790910
25179215
10888002
19755883
16955437
12604443
26944536
27893873
8634037
1582435
11521559
9463314
20369271
9292187
25403926
12640908
34902818
15298371
27384340
22284262
9378050
20991135
27727400
35403880
30099862
33377714
18182769
30625491
8749893
10410752
20860567
6838177
18777227
30644541
3226364
32791350
29138078
19841431
35439116
18313337
25069902
14211415
3585391
15476007
32250321
5163296
33497988
23940694
1024882
27879030
20841557
26260352
14856997
16575338
3193883
18678053
14057521
24625714
29121513
18258339
3448759
36063627
31852295
30950321
7583496
23939580
14252097
4324276
28765971
25023466
1777395
21350917
2420691
36653193
23458114
12821375
13389465
18021928
20513660
14940991
22560407
28097788
1445715
27931424
15609495
29107460
18367428
15381880
19342103
30732635
24336844
4629814
7343274
21432616
9426989
12468264
2477736
35867484
21764635
3710651
8016991
631315
7802126
1649899
13894514
35461162
32486961
4824107
35041849
22126898
15895308
418209
23273939
32323600
9141423
1144306
26079653
25710916
34486068
24656518
23760837
23924461
28091695
2115207
24766454
25564105
29098672
33537981
27180692
35462383
35241041
15051899
13704460
8871482
918829
17459424
11360389
36157892
9860398
7942799
32675613
21510741
29427099
23891765
12034673
26474662
2817001
5800765
15169706
20353432
28320157
18346734
15351505
11660707
20524939
28276861
25774662
18644608
9573515
18305311
22571995
33297991
28013441
21613240
31904113
10826351
2927591
28033389
8894956
15252287
6526487
324035
3268267
4094529
11874021
7862761
3206055
8158204
36189588
33076949
339705
7982359
27812760
26991388
21445679
11919447
21561454
2018095
22901349
37705443
16186198
17000838
18470841
21952405
5585389
25406904
26419846
14457008
34937750
37041092
31715440
33399018
4168041
5828772
29631978
32542379
23262119
17714521
16473743
8483066
3346686
5917161
31505201
17616843
33606174
17254426
2340034
6415711
13148867
23461203
31132877
13351201
29512783
37037088
18928347
903482
23286548
23996903
22089255
14231242
4859284
3413450
27689250
31408379
25579380
8197410
12375214
29339486
5794370
31654398
1806624
6394993
29095680
31621540
1119243
3183784
32785951
27349722
11407964
23270420
15636467
6701071
18107777
22001475
13588372
15476065
9711370
9419176
2708046
30095303
15356707
3190928
1603194
28893663
35395466
2759575
21885540
645096
21216872
10318183
25528713
25364240
9293230
6731088
7096455
30903400
7283595
13134404
13871517
16267375
15087580
12489625
16385555
28823867
19960725
17563899
17324948
34102818
27243632
22720308
906645
2743031
25581767
6444793
21458972
3828153
7323370
13839361
4133602
11089670
8492048
30810348
14572619
5319044
34356069
30296593
28693402
15095106
1480765
36197214
20561367
30527698
18764850
6236911
12489043
3580277
3205385
2709930
29561725
22059226
11307616
27144979
13033526
18311374
15473996
1652390
14677086
22848506
7884329
23778750
33689536
34151886
29561203
6613538
12244316
12555942
314594
24416273
25833032
30553438
30544301
37328402
8215728
3421352
11157120
24254639
15617602
25845737
13318084
12602418
4388820
6827332
10682951
25920574
14004918
20451518
27628239
14396869
18383533
23301031
14756860
19026268
9745353
28359719
7416802
16279315
13868626
24737903
32205412
17692051
23227749
15065953
3454349
9708412
24767007
11965850
25502049
27302605
14673555
16177597
35836095
32423540
547949
17301686
25200842
14530570
35536349
14260114
27206718
27594651
10174515
18606868
14689176
16622090
5857781
37294375
36268959
31759253
24032437
4585403
34180761
12827930
2203963
2767920
2147359
4673414
2956306
3802188
26401696
29040911
36033765
36482852
26245926
29987578
6909917
17579349
16873936
33745696
27062417
28427029
6516895
11455186
14416971
32514154
7974595
10753687
14922995
5282931
6732460
8456162
27035548
27081159
22309074
18703815
13649115
21123509
33711680
10997853
35253751
24040675
20433479
5935752
18262763
6900140
31630892
30063747
7694167
10698402
32976722
25971300
9949225
652109
30846275
16568557
14605324
30328961
17435576
29781593
1965796
3876688
6789348
5447379
35739497
14060563
7494943
7437654
16519569
7591356
3970289
25300630
23032129
21335663
29531139
24338679
27798984
22802489
3084521
8570372
1882722
9560069
2153897
23274740
24302959
5419826
13361928
30649447
26179932
19076698
28333604
18501411
6799631
2972165
12442079
2734205
10207284
31705770
3418925
20598917
6652766
16924034
6332427
17456951
29415676
3101233
571134
11441987
6475578
22138325
19031770
29389747
34057668
2991303
15554207
26759439
11680565
8558175
30982766
6655150
19911113
17053943
6312596
9854396
9477675
6365527
17208047
37093056
21286730
25660618
19057326
9090302
30870669
31613401
15351342
36669291
11149287
10431565
6020903
26039928
26307383
16970636
13216145
33000963
10080554
33115369
9355195
17519938
36883885
13900756
24516286
10457935
23034205
23087000
18227418
8140266
16898115
26223187
12854756
25651393
26550998
33130675
37465679
36528137
32434024
8420127
22420547
1564480
22120272
11494030
9268809
9470185
14885250
8682907
7307148
18812492
3132671
9800747
17824087
8347539
24059061
1480008
12476026
10492162
9137720
31421309
32680951
12748896
7960566
36322102
14088746
8091756
25053122
33252452
24549057
29885862
13616682
19170277
3522814
34875519
28546552
10878151
12027574
9533214
26047732
4003590
21295000
17568334
31525613
29631956
68633
20307307
28939429
25305754
28867587
5411010
3827520
12072827
6336039
3374746
12677722
12558835
8345657
28131932
26106544
6780021
25947039
19776309
19630956
624977
9863928
34852344
19427648
30934083
34470442
23768683
35560321
9609192
19701582
8933611
3026673
27468663
9277908
20266978
755870
33164945
10937173
7651920
1914451
31075361
7684468
6826693
16650719
17721298
11077858
21595525
20214136
1297822
25794860
25748295
27180399
2148665
33428867
12204310
10414982
25225015
10511388
7482011
9113690
7910319
30462117
19896309
13119220
8261505
11208230
14698704
31541286
241449
29089221
17118635
418755
4785602
3132058
3147387
9240741
237172
30928978
27335030
6742340
23186452
30342963
33493994
14797864
19374975
3656805
34523706
16318827
15725366
28705823
12544180
14107680
4255790
13425855
14204901
17284616
10730763
34176285
27531642
11561043
26286543
32937909
4600709
16690997
33469718
27640909
27191407
4729017
17941721
2900781
2521099
34590931
10429004
3678630
14297903
5434613
9029654
13800185
4871166
2940377
21574124
25418442
30468246
13918202
19542569
29955172
35010482
16123542
13698255
13541047
18338212
17328255
2131598
13180684
23071791
11110003
20550947
32045917
6229721
3950829
13877625
28700589
37199161
16997689
20810784
9266394
16603460
31382069
16317824
1484762
10562114
34793748
23816564
4674908
23152783
22560155
11429087
7948339
16038683
20558531
15121660
8918141
11738662
31913282
2586667
25904198
19024720
20394312
32141863
23040741
20562639
10562888
14949590
21510828
8283689
7455406
16958574
9762646
2974600
33846423
17469116
24243441
26190166
5747750
3730468
17016425
23266819
19734013
12999317
34250608
3524514
8332920
23628588
24709225
63356
12590367
28832188
29570840
5523007
16696567
23489666
26281485
27271431
27534431
36043369
9582732
32892303
4159995
14078680
30526203
4747933
14684974
6473688
20084426
31450999
4432794
37690046
78395
9869735
30270144
8947276
13939758
14906164
31323663
8972133
33559755
281943
31151840
15985078
23569151
11059671
23954967
21922877
29450954
8237691
37473624
34480204
33136924
6712463
21785914
14323864
8727138
18198415
23957899
27667486
29052307
1182454
22898733
21801595
32563266
15011317
25637797
26646116
19155310
18459450
22861194
5802163
33874748
25547138
8851768
36516369
5025354
30848979
11661896
33935083
31177578
26081864
4499129
6972995
16389739
37271291
8885582
5459334
36052308
2081175
28265010
34736546
31145139
5843706
36596006
18833603
13418966
35219857
23079566
11805610
27109326
10459970
28447919
31155874
15703905
21093774
5563623
37132490
564121
32712949
23240849
2924567
6462386
22682732
1359657
15055442
623507
29271277
28758569
2461673
14607302
4815404
33245660
31863267
26084666
23396051
11829008
31816049
23665943
25172156
5844567
10028532
30109814
22673142
6976483
2046343
1405644
504501
14686411
2769245
6541614
18998206
24911444
31299439
454092
1525284
3189607
32609324
15094628
1241344
26876488
27264140
14213287
17893864
11199812
22843695
24681012
19883199
29622912
21497911
23594430
32418810
19404652
22004128
31206834
21972749
25417254
17433689
24719222
30121902
15095599
30597295
982653
2704016
6045532
6997187
7049116
15782366
28845537
19537130
9812111
35856192
36634569
25823908
7803117
14056974
21733136
6587202
17880018
29450838
32065801
17683855
28744775
23312396
30971106
21735854
34549339
20955603
21833706
36601776
8459242
28707836
22233368
18198230
22889137
5069379
18331259
9656447
28103414
32992729
30665458
8546018
8080351
420902
21702733
28128654
35379038
7139506
19308881
24463232
7228037
9919465
31402154
20541981
16020051
28428190
19576597
3383095
34409998
3283314
2429211
8970655
21285142
25553744
10149809
16684965
21699889
26694281
16521309
14239100
420199
17917563
17510507
2921686
11706959
21110803
5998153
16728716
24439647
1852497
18515459
7789194
5529674
5910631
16000159
19450294
26235088
24152628
26881859
20144027
32810378
13561917
34772441
16244563
11897474
12413189
18793680
6520618
28488538
22369669
24828314
1807009
28673694
20196101
31762138
23019258
7945010
13299722
668181
21444859
35674982
7957408
2655587
21876255
13784971
36976794
8568963
20070414
19653970
35871348
20419526
17602753
14505242
18888966
8606433
14710666
22843258
26461235
36804978
3274076
32716818
2350207
6000429
34840694
8777557
26689698
27160924
15357473
22440072
26483094
1687857
27768761
5945098
19194374
27189880
29541946
28847041
17064420
15490343
10490713
18558863
24748535
25096542
35446941
12468970
17918531
4192167
2980517
11849757
5694252
11111764
3575577
21107143
13074413
33813717
30561522
6831131
29725038
6157119
12206066
2973661
2946351
11261639
8544909
20414945
19961324
5779504
24217453
35627807
28368495
32632605
19724073
1177767
32516379
3617108
22608804
3053079
34312771
2491752
3785682
7944146
260955
14407495
5188388
35630563
3991461
19515429
4742897
11385005
2040763
23022091
35274469
12364843
19781222
29916012
28326602
37308987
29467462
29233751
17711696
15128640
33422823
30845817
5858884
6533661
16195185
15919159
8174232
14604504
14087973
4881697
22745378
13524047
12061037
22006083
25548840
24386683
29126277
20419981
16780636
2772108
21995057
29877748
22258898
28153456
22359836
1444769
27155530
11352679
9611541
13280613
22915702
6374716
23470145
19084905
1586146
13183402
21809519
16461588
12810814
36370926
24714669
27082585
23898849
14129603
17630257
27509263
13812712
26298647
5349651
28691134
26707458
2935733
31911024
36825001
35036927
9482450
25460260
1108163
6641246
10318147
18660417
25288671
20972524
31778847
12609508
35669781
4558876
30428274
25403567
8021827
30071830
2511802
27480581
16238472
11214683
5111612
7058077
484740
9858080
34455895
32661641
8324410
16259475
31106910
21831324
6777876
35916676
18844793
18180825
22767382
15495666
2926413
1894160
29046039
8719582
34921794
11184535
24768615
18042234
14502375
5370161
8401781
28834788
25856530
32336292
31033491
12133068
15696911
4332669
32374532
34144146
25929206
23653138
32456962
21469929
6811930
20052730
16928182
12986872
17417057
30677716
32421592
17825077
5736647
9865667
37060000
35861513
7417209
35107563
29192133
20423690
6696265
28456142
32476601
16311156
14258063
27045653
29722793
18839471
28176050
10628118
18029393
9340421
27627828
26975614
1401120
17420689
4336353
24238645
20635111
37550718
5932098
9267730
21724675
225812
29282347
23063133
19394958
29614295
5523351
7778158
22261988
10267567
21625658
8562668
8352698
31730793
15096530
28599841
30216654
30846682
3771307
24340787
35266213
4275922
36203173
10206822
3329382
37494984
1515435
16217694
15956992
10605924
17066127
25189791
7262510
15046470
15914765
27282012
27093892
16302338
7862037
1052765
908381
30478072
30303262
35104353
25956897
35452660
24779388
31564011
10885645
32212231
30583216
25431430
13655114
23420743
4366870
4963714
23609463
18084303
4030169
14474858
2664852
26396498
9514820
17956932
13942923
19938665
7280810
14283972
6120475
11510567
25975166
17202465
33285701
10971605
7470882
14595929
1775597
20996382
25682673
21303234
5569423
3081622
27638306
2625165
9286210
24041177
29702686
25548266
31923113
14224068
17574131
35714700
16275438
6741660
12047012
24467683
11563798
28566233
445699
22618302
28851959
4417114
15797878
14217805
20565924
8333909
14469802
22341210
11008859
31832886
14129128
25717478
11909745
10900532
2768489
25310970
26147343
21152964
21110824
8102036
15990319
4608958
8561201
23535351
36702969
5010328
8011818
19703534
663158
10813008
35320762
29716446
10025430
4028234
3351891
4981564
18395759
7310499
2113731
1504200
14034194
23274290
10577189
22713426
7670439
1617266
12014536
37498879
36841074
28630377
21707860
31985496
4297988
23237589
37905374
16394201
1328219
5786753
31993915
8233953
32611470
8827171
6750570
17645580
28645717
16181124
12830400
650610
582053
16796487
6126130
7139208
34287960
6745095
22757585
9596257
588874
1525438
23094836
18525286
14715977
4554502
16640080
31302820
13718534
6678992
4972478
28166552
29768955
25107685
37301069
13205132
25857177
7599368
14406903
20573927
893000
1308085
31740108
18488127
19728219
10529515
11465532
7486359
21157690
29380072
35154618
7367053
4717172
6924847
15538265
27197752
6741650
3562743
28940342
23540673
31272300
11421974
14769829
35421825
32609175
27091741
29945012
28341420
13217820
18188138
31063671
12570354
250313
32757754
4973508
15184922
27789149
9858018
13177587
1283445
19118808
9113701
27978785
4591161
16449491
28684367
19445364
32667410
27899143
8483522
20810598
37432983
5177306
11115331
1761116
13924280
37479705
20308613
24754314
31752082
5359780
2791758
20167380
5749385
10148513
37271132
22014317
3978685
30952413
17299744
32103506
31023125
24985409
26285866
9193127
15458998
20979638
30875277
24512596
17083188
27192953
30049327
2017070
3427300
12122765
8328195
17629782
17615170
35094610
16310393
31943058
20430438
5174309
8505607
1410153
1647111
15271618
25804195
5791095
12941437
3681758
8256989
31530644
6883542
33951249
34309908
10555835
18760507
31868157
28649729
5111635
23386689
4557971
36594862
26032204
29436695
24526470
22827594
37860852
5304077
502850
20629611
4045700
14109704
20077474
5929896
4516553
29292512
3476958
36593000
7225784
4303835
26428601
33959771
11738532
6797925
2970503
27983922
21046068
16260706
18477160
14668090
4581629
29155708
22845693
11482700
30880361
22619301
21099718
20711057
9733408
17244569
35726540
4614374
1738013
4757010
24887366
6869422
16169519
21655804
16678804
28817491
8209872
5922551
12996658
25149026
22673042
12201612
15532951
23520058
11780942
22445347
1588173
11240169
30059775
34182963
32352414
31035978
14256548
8849479
23326943
2047094
21870315
1452165
30839323
3489133
13254263
9659849
11110119
11078681
2930417
472582
6765473
25062314
25031221
19317035
7732774
7833423
31075661
32613894
4117647
15961528
16268859
16616844
17599001
20346443
31706919
36482854
21383648
16396671
31796672
14484654
18612936
401921
4503377
21917400
28854996
36352634
33829643
32767873
31190121
34006885
24626197
13357181
11030068
707664
7936283
17934069
32221091
8361572
10744867
24506877
18491223
31118320
7121107
33180841
29902243
3861564
26301526
29759891
18952610
5406279
30503887
7659231
18032199
15700178
11517398
14208864
5717036
3478668
10528155
2202982
37358842
2737567
13009100
19828578
32673225
20570058
29948073
14907941
5916867
19672228
5255148
30409147
11163608
5570414
7704755
2307664
10789651
583922
26546881
3489155
21252104
15354065
8833620
20464661
14209013
35579989
17967187
29175055
32668441
19143266
36565256
5456861
13173049
10360168
24984052
27582112
4658947
26781297
13645786
25444413
2883489
35549000
2267887
11482695
13867307
27781424
5657362
16052780
1344338
28142129
1940126
13699206
1136058
6473635
29390414
16676776
37160798
5095126
34289172
13735746
21876260
31926295
9042570
7964837
29169874
3342201
8976505
9661974
12097855
33231771
20831935
31067304
7419139
29504730
9006576
8898537
35793342
22796979
15118119
26997193
28403387
16493231
3839911
16413666
36377657
26335087
22729092
370863
2260555
23818152
32149692
8490423
16520328
1297235
19146787
20063061
18339093
33273050
15017847
7355097
17516492
28062220
25708461
34246283
9403516
794529
30806143
31489622
18776066
28428025
9475461
19133888
15447814
23265360
1780420
13937698
2928313
30867572
7851621
19768366
18235974
26253741
26792889
18862771
11172874
1321571
33942244
27618799
6819856
15707276
34226614
12817549
25117843
11417094
12556356
11507792
17364777
31642332
16796509
21515498
28142397
33053211
29579853
32723375
24673616
13525014
7744355
2356898
22315714
18297419
35051438
12422062
5070953
25754495
14147084
3466628
3903235
33468172
30485796
18075929
403688
7057170
10725856
10979267
27884642
20167291
1296424
1331802
14237631
24660674
20987405
3879499
11448370
20157014
27451810
16677992
5418350
11748785
6867865
15748041
5998197
23157096
4430601
34273570
30178106
1910699
6082949
25651674
8285088
4712180
35642994
22680244
30470478
14016682
8637946
12092150
12106813
32487276
14202430
1510872
14607387
26805435
31207861
35365978
35062890
30868468
21714358
10965273
22249980
11917416
9874554
31563227
34026284
21055392
2528018
11097252
8488222
1732033
34291554
30223013
8288140
1981470
6321527
20800153
2505515
4053968
30368385
24072057
9097366
29491139
31434803
28230791
4010494
5773849
26247196
2884555
16319418
9590317
16146330
9409870
35288967
13421692
23750517
11300961
7038311
6689484
27117085
1358438
25547329
12045804
5598541
30231132
24604369
37259035
15879083
32797987
9191693
23266997
17186587
15971247
19172969
4267679
21266893
20074673
30094499
2604782
33428336
3163856
21239903
28052776
14094092
2303571
2793094
8044533
11565625
11122949
19222703
12679596
651358
15660646
35764031
28290747
37474017
10550496
23092750
33047972
24697248
36629369
14203089
27334310
31230602
24575899
11606848
31585249
21876345
5436816
3132194
25719894
6765410
29474507
28224345
15802177
8800803
37955900
8804256
22082429
36922484
24080672
37591412
27601477
16116613
11333521
6024565
18008327
3119161
25807477
27450320
19238590
4718517
21114367
21171140
17195731
22440949
18350965
23880590
3927342
21375489
352195
24901761
6072045
34989158
7759002
30771178
3705225
28637414
2900431
16641864
15199474
26373279
30552780
20889444
34431640
29063964
30928923
30766591
13058808
4182221
903805
31570200
19295049
6443185
26112358
31446316
27726280
24380483
6410301
35594616
26632404
31758600
29315460
12182271
401073
11571062
6581326
34428276
534924
3699998
18664057
3565056
25195920
2517493
848036
19491314
3213883
33461030
35337924
3581252
24166685
22910836
847850
32594495
25690086
13509417
23615692
13048174
17495370
8198347
28362884
13326926
17557424
4022295
18378054
20943084
8345306
7928333
4186342
23733091
26536212
203109
21302192
36700696
6524198
21495825
33895270
7293645
3962762
11683600
23032390
30842305
913232
16312938
10170751
2325067
29408857
10831037
20404708
8889089
12080510
20801994
1678928
31951767
18715180
21371485
12645093
9295055
15893737
17195407
7997388
25091719
17135513
23606738
1838124
16201582
16292173
3171628
12511771
7652348
169438
34939863
27060581
35410629
26688186
11279969
6619955
1093848
7914045
8726540
32448135
25684055
4075172
34957036
11978162
1940919
4307808
12724592
17011126
19999445
19108523
15011342
34486740
5006920
19359019
16043811
30282491
6395223
20955329
33543852
33034830
2744979
36402284
33546642
18568787
22990044
36729474
34389509
13827803
224499
12187612
37017409
1735930
31414355
6380301
23461676
33863723
6117734
21156345
18550591
29703524
37495977
37037287
16001444
18256970
10026387
32818528
5410403
28764897
29427080
25600553
29228370
18007122
14704590
19438928
15317469
3823599
14026626
22364960
32457210
36916904
24500462
14705742
10481774
19009018
1622299
27560333
23280460
18585789
17099550
36451226
6044408
29580855
23507536
2847077
18066467
21157165
20488196
14157997
23155182
23177762
18379746
1115632
17678496
3441779
26362259
11304551
16705660
2742319
3147318
6190918
15175528
35922871
586428
7302823
29349727
22171203
33937180
32213570
5159832
10421973
9834565
12759259
12106573
23704369
22241258
24536690
13969689
1720637
16093371
2971050
26904930
17087672
13943921
1657825
17502785
8909263
31633223
10098150
7807735
4859359
32134887
28805936
5795174
31838518
23703955
1734865
10090451
22668246
25330102
28687401
8584175
28663510
10678495
7250389
9460801
29555212
15907750
11390547
31770760
33484326
18499785
6196702
13489606
13489785
28797850
2234221
8914304
22134586
18191522
8543951
1566189
14710468
21479721
20110674
6135252
9809211
17979960
903084
15417732
26419293
4817
35430498
31124959
13697975
2309949
19618713
32441129
11190862
24225435
23133906
13044840
4916570
12127475
23369217
4472290
4178395
11286771
6983635
11589416
6820479
11595018
21668435
5458893
10282259
1085671
2764645
3690109
840437
3606299
29461178
1793199
23672569
12394782
28621030
50412
27029456
1142834
23788398
24025111
30950145
33930316
16850255
26431806
1973218
17883529
35962220
33506429
2377372
5807111
12208012
16206746
1392550
14174916
28783147
3170499
24749755
3461310
17126303
23027099
11070468
21682663
20031091
25115318
27720992
17923533
32720338
21357558
33640717
33329573
2597315
13571169
26209421
1888984
8025188
7625228
10221160
14096300
6122473
8347179
25237937
12856230
29452320
10954284
10592087
29937212
8674522
18158987
16767099
20219425
1254466
19418471
1693466
11905606
25084209
18322282
26548808
3488480
2417812
19485586
17720598
30291873
33139210
6742798
11904752
30660879
9076277
10767747
23717480
12580308
9203698
943128
30852431
37633155
13378351
32892962
1349554
16828427
3678088
23659470
12679234
15579164
29892042
7981153
22038384
6888715
12905582
6462741
5805728
8033942
17959504
5697648
26201
32744524
23583327
14872042
1881792
17167926
33325096
32192750
23704130
6287578
665851
29915258
20999162
4726672
9421457
9052400
9684417
18620873
1480728
21450262
31170001
28157380
6242039
1177163
16865545
31805355
9408459
2768094
28665331
34134000
23300948
35090475
9751440
22789497
20367921
2691441
7775177
30900693
34607331
33636995
34385606
7410558
26458729
24497025
20058555
23463443
8014428
27465265
4023083
27817014
16236167
30049221
24727717
22428580
34100131
35083609
7305695
35927217
22622478
19765407
20722820
3189332
5947491
23116337
24887532
1741242
11891506
29922917
27447727
26940435
19060588
37578236
31226505
770544
16553564
27542343
15660412
36067424
24937747
37100382
19666210
15344233
23065742
15029839
22185053
7595336
24101041
35616712
25300188
36501033
14686182
15319703
28410288
3069749
33063268
16046006
20101069
3306750
10128914
19836928
19416336
2881089
3418380
5089059
24585205
21109162
21606375
31747776
3589788
12062775
9502012
29807302
22858262
33604879
14582802
28669210
37653796
11295680
169687
30382442
10667147
19561526
4774581
6748668
17574010
28527373
20821338
10541600
22773482
23581787
16939001
36085340
22627142
980877
24649844
35016853
13074392
974830
26334353
3106542
2605023
13751946
18479471
25934308
6918455
12455923
15812213
20625692
8170770
29030455
27040285
32759986
23499167
2634443
18871045
17121134
5618048
5549126
18392746
13012196
2634817
16988561
1523976
33057053
2055750
36203746
15072179
18439548
7371550
35946705
32086598
638650
16176808
35235041
28960040
9059808
15449389
11593032
29233195
7886266
25093383
4039751
3061830
25849261
21185742
11394191
13362826
19414506
11518005
7387457
9334717
11043148
32594193
28419491
23747017
32071126
16226466
31155568
11570637
14623494
24047076
24347255
28091879
33837088
33421355
5599399
5679016
25649308
20506049
20305306
8687254
35411967
10441849
19353731
3687889
24491508
9578881
12368993
9789235
23264005
26926770
35457347
19219502
10470554
37660045
22429697
21818675
17874746
20461011
9268814
29616753
23128077
12697002
37287318
9130303
24899385
5981544
485563
29710025
28928448
1249391
11242936
8409195
13436940
10940574
30550449
1538087
1873607
12567686
33893202
28457587
6494854
31953910
21820139
34456230
37195665
1691458
26000815
7224484
9627929
8707516
32885414
28532485
23584750
26352990
14399635
26062911
17207127
16476809
27221818
19592446
10214672
7412004
2898134
17955916
19752647
16595989
33522046
6407722
4145690
35711612
21824113
3510624
27289129
6709260
13924067
24576675
15010995
26757674
13580834
3542247
9490907
3012676
7572436
18976200
30753624
817896
24214656
15148152
25913887
32707490
26953804
11086392
18000452
2646684
6613648
5415258
30831339
27726249
11111405
4552116
32000208
21860044
11442157
33969762
3298781
2925964
26353171
7200181
32750380
7143460
13605228
8272522
3104080
18245703
23520737
35949226
12377401
8778936
69361
4159079
8541247
27520275
17441009
30875614
5935008
14455775
22406335
5928405
11433080
15680928
34576137
14872395
18165968
24726666
10828102
18631225
8669927
4868254
28654797
24021522
21875648
33298303
9782544
5375196
15935199
9157753
29288994
2921862
32651254
23663542
29713894
31092158
13999872
6812391
14150934
3608285
7964992
29472104
30094777
32640083
21715958
26717645
25773367
36647082
25275530
15622129
16199141
9297608
18604686
28793939
31723241
2632441
25226962
20032967
7211380
1474886
4848293
35235897
15994707
7850330
28481536
34684587
18519870
10626278
35670800
3745733
2461526
9482185
35253554
16390883
25626775
17270391
29887599
3032641
2235048
3943794
33667828
460354
3788701
29883458
23659448
3690923
18634851
29658993
28573807
26121739
35955753
37783096
6753427
8722153
29039020
20845405
16961143
7412419
30898580
30440138
1886416
9138746
17241214
18579121
33765634
28011925
31525612
10066212
27935389
2466279
32022390
9197906
5806280
19682673
35640460
19672080
35383591
6989421
18299151
1403132
12241955
3193204
22939296
20729271
35941828
6568688
13429395
5800517
1643394
6284462
15085234
29556638
20609050
30160814
18348596
34120814
29111789
7221784
14572957
16542593
30468127
28338222
36148759
14781406
16122453
37231689
4850175
2234225
9757317
21718327
572059
30226805
17537198
20640503
21870066
3480684
22470806
28385636
1135550
1024641
24063872
21894657
19295215
4137651
18173983
3095713
9287373
31707936
36789825
5066196
1047006
27075033
26459943
18832427
21978081
18810322
23390242
11097072
5701780
15258800
6106665
11877553
22133242
34360586
15310634
12529775
13833891
5827783
12572278
35322410
11572527
19765630
24508470
26022165
24476450
28411277
11337212
33138923
22634099
22182460
5005000
30428150
7137085
31264264
20092556
17290208
19435588
35499813
13957880
37350640
4431368
35125193
6785069
6494344
19892408
404543
5332018
32800082
204625
29802210
24589148
22626708
35547565
24716466
11220738
22678418
4284212
26363846
16086036
18598845
37369805
24394285
22500309
11153807
3883115
30902528
24406251
4317230
37634204
30700595
16096861
2571933
160494
28728096
1305455
13508310
26362046
34429154
19499731
35124278
33327734
35322402
19812919
14628940
37221573
526242
23337006
