pmid
12047012
28832188
17678496
25649308
6312596
37459647
9193127
3306750
19491314
27638306
9267730
29063964
12207853
401921
18787971
19404652
34120128
15002343
17568334
7401856
18998206
32147509
11206029
8240570
16857575
32134887
8781644
26890312
10410848
2366164
26166654
7494943
25351111
16312938
2744979
21387692
1968717
3489155
11077858
15175528
30291873
8800803
28091879
22377864
2562495
18379746
27264140
17364777
28341420
2694530
32213570
21303234
21902053
3426206
10494527
21714358
23095594
10181464
33947273
29450726
14604504
29879331
2664852
29462105
23265360
27040285
33922322
15853502
26022165
21885540
16333492
23811310
16444349
31506009
24697248
27618799
1592254
35287133
18087209
4646510
20955603
36508394
37787796
31685285
11142535
22399019
19812460
24502822
28576629
28142397
21922877
24103190
11246648
1359657
3206055
21602685
19728219
34006885
32446556
11904752
27534431
35288616
3383095
27244063
31177578
539570
34182963
27503465
25496414
28627925
35871348
29915258
8264869
33484326
35962220
12645093
29450838
37495977
32759986
12679234
16737451
28097788
8497646
17766726
25754495
27035548
8291133
29040911
15221931
30468246
3522814
2461673
8129058
21954106
22954836
12045804
37369805
1122897
27785533
32563266
15118119
32623545
35332187
9560069
17287644
18256970
1581789
15926646
28693402
29039020
29288994
3189332
23629739
28428190
22560407
16546355
2956306
33846423
20640503
33130675
7625228
7775177
11596825
20860567
14757298
11580007
17018553
8546853
9268814
11523839
8561201
8510058
19176415
2303571
23788398
29067401
18042234
28089985
18488127
30700595
21280167
16001444
34852344
1274703
22910836
10829805
1358438
25080285
8733222
18227418
31414355
15206562
36067424
11385005
23524624
24828314
11514259
32721633
6812391
18832663
18491223
10745181
27349722
32000208
31570200
17241214
8011818
2018095
32198120
28691134
31330239
24254639
23312396
27527755
36314672
32103506
30766591
3610529
3421352
14628940
17630257
27405098
3060558
6799631
29531139
2634817
11563798
33428336
19734013
22843258
15957200
1351342
33034830
10858008
34057668
28274150
28805936
22757585
7305695
23227749
18978724
28224345
8634037
33421355
2125805
27180692
37905374
10541600
16043811
8970655
9751440
22241258
23149030
33764656
30848979
12206066
30677716
15291713
30597295
36146383
25975166
1910699
28419491
32929643
11909745
24036210
31852295
14655759
1720637
34477946
28923314
27030558
26568330
23926278
22975132
19630956
18375019
23386689
22420547
8544909
19222703
23047912
11775071
11494030
27983922
16332401
17054228
34193113
8428898
31945584
24746530
35968702
30852930
33527885
37564014
37860852
12917950
32047067
38343329
34569865
31276598
36924042
25740785
24984052
30205256
32967293
28031406
35288967
6315428
18586813
503829
2759575
10431565
33054545
9141543
30846275
18930560
20070414
7945010
22120272
31564448
8687254
19482236
24355148
25622273
27440364
34894769
37199161
21107143
8674522
16096861
25069902
23909246
7002247
27692730
6380301
18007122
3268267
15369417
17581446
33959771
24021522
33689536
29236921
29030455
28927961
30303262
19146787
19445364
25856530
1506887
33243690
6541614
32938453
21796107
15465624
6443185
23094836
24497025
27768761
26520066
19198615
23659448
33468172
21741993
825883
33762687
23771672
26852943
32750380
11593032
19672228
35955753
31404565
22086360
20074673
23996345
6141275
20430438
15787692
18262763
17698712
9490907
12856230
33937974
33789074
16322902
9874554
37840138
10025430
26847429
28248914
25920574
25305754
15617602
17883529
18802664
7565833
26179932
35049207
12208012
2282616
12027574
28684367
34460886
33598364
25651393
1523976
34362322
22182460
28954634
34766639
22978465
24145687
19435588
15580211
10847312
11379844
34477852
34665205
7599368
20629611
8788082
33273050
8422739
29768955
23943341
21873835
7862905
9627929
9109103
9339867
31132877
8170770
2884555
23318473
16958574
16595989
30625491
29192863
26513639
9309469
19342103
10937606
3625187
37336053
30282491
14673555
15323592
15344922
15252287
15365721
6789348
36724557
33646155
37578236
4542033
35839930
32514154
35410629
28552947
27470171
35598655
33863723
2840539
18606868
6619955
24656518
1327351
32918104
1649899
9126189
7732774
15680341
21668435
31738162
35036927
8387729
37326915
38538761
16537997
36370926
37211337
36377657
33731766
1424704
33866227
15807099
6475578
23939879
7964992
30232364
27720992
21851183
15476533
25402009
25037206
1780420
11015815
12364843
13680082
16476809
25241758
16291885
10867450
11279969
37041092
24994555
6805002
14617718
15960563
27965787
27756441
35793342
18426567
35295452
33371624
35002831
34598981
18294375
18495031
26582408
37369561
34374162
18586994
17728427
15375100
24920862
31615771
24507711
28063795
35488938
16158009
24075291
31563227
3565056
25182407
35439116
15935199
36601776
21172569
20573052
2916270
17607639
23747017
23562430
34360586
1474886
31705515
24737903
8976505
28257128
35726540
16044216
11891506
11043148
33937180
29046039
16268859
26536212
31196824
21180303
16401854
6750570
9919465
34939171
10767747
17765746
19419286
32306272
34048402
17284616
12395691
29415676
26419846
11905606
21702733
19432386
2420691
21295000
31243911
27384340
19561526
18392746
8884593
25248342
20433479
8324410
37248910
34769501
16807870
21375489
23520737
35867484
27469219
19586598
23027099
6135252
30119850
26738967
30059733
19455483
17563899
9396307
23880590
25237937
27311246
19653970
8885582
30898580
8749833
9762379
9101055
8197410
17299744
10174515
16146330
8288140
34287960
24048081
23831959
35083609
14713669
35674982
28940342
23974083
10511388
29916012
17714521
20353432
7302823
8988463
9029654
28765170
24323428
2656780
18810322
20955329
8195645
15199474
7482011
11199812
19937250
1480765
12799786
10207284
19225366
21510828
29735110
30059725
6262150
21110803
11035402
25359445
18297419
31747776
19685813
33691710
27314344
17917563
36396270
10965273
6102691
32487722
2260555
36203746
29249505
24831083
36327898
26343494
26867166
22713426
11149287
28744775
9863928
33027183
28179806
23791711
28368495
7371550
24628249
24625714
8749893
19654584
21174521
7047581
11172874
35690493
29759891
29101712
24234352
10749516
29390414
21682663
27781424
17646811
20031091
26169474
22590800
25553744
14711492
18558863
11510567
27480581
8409195
29326139
25062314
21801983
18991888
6765473
2901077
16650719
14529362
32611470
9203698
25502049
21110824
29074330
31706919
26733600
33139210
8483522
29802210
7737621
17348571
19542569
27356602
1392550
18173983
30661251
18674396
24072057
11367967
28105588
7049032
30336106
31155874
26577292
28230791
29198280
12697002
23133906
32360155
30658131
33604879
28528196
25600553
8997418
36738082
18470841
28167648
20362421
24439647
8594167
15055442
21458972
37716320
23583327
37750660
23756431
22261988
27802233
25431430
475542
26362259
18297481
25242806
37271291
19479161
25714521
35627807
23266575
10396888
32552074
1737074
18245417
30776324
11680565
159848
31759295
25470096
21506146
29792052
17516492
25370439
22440072
27062417
15741469
24280031
30071830
15717335
11142548
23011423
15065953
32940823
50014
19389420
1503133
26460571
24957753
31443692
31707107
24660674
24526760
17621379
6780021
15897725
32701419
12072827
14689176
23326943
1643394
17574010
26683601
1838124
27477332
23520058
21613789
2505515
15051899
36647082
28700589
15046470
27929658
9745353
34131185
25031221
12707046
17290208
22909445
14710468
12243487
14710666
7833423
36085340
33115369
33123596
8584809
20831935
10652033
26062911
2762450
34840694
29089221
34775687
18703815
11190862
32744524
24524869
32668441
755870
30029063
20921568
11157120
37660045
22626708
20367921
37473624
3575577
1108163
31707936
25857177
15731966
26876488
31246379
36189588
32673225
21860044
11063257
34991042
31302820
29730874
6625984
1801572
9119144
18258339
37591412
651358
12590367
8332920
19682673
19544314
28784338
25380591
23924461
2121003
23891765
7531668
21824113
29405145
26997193
26474662
36852436
35379038
18188138
32640083
35193083
10682951
1622299
25149026
2940377
9588530
25053122
18760507
11030068
18952610
30290751
18459450
18525286
22956694
18040277
34273570
33351671
1484762
9295055
1283445
31076822
15970229
28317947
25907842
17195699
31525612
1882722
9268809
10429004
339705
11030806
2625165
8669927
24120329
12679596
960155
25833032
16292173
28845537
36916904
12649763
17441009
21820139
30552780
3711875
28131932
11781147
721341
23266997
32858312
16279315
2791758
32818528
25444413
33837088
28033389
25117843
19892579
7694167
15010995
2742319
16244563
6888715
6859103
30544301
33479201
23568168
20845405
22720308
24585205
26632404
23121308
28928448
9659001
21171140
33389151
23270420
9297608
17629782
26539989
35941828
30902528
29474507
26419196
29541946
22470806
8488222
22963908
18066467
36804978
33771822
11393460
25731774
28849573
22369669
32336292
32598273
32794657
12570354
27309964
24526470
28319054
10490713
20414945
16988561
22880116
29076783
8707516
27935389
23337006
7892356
23398776
3699998
35337924
3861564
20300735
33951249
23266819
17602753
21574124
16603460
2115207
21764233
11790910
29303779
31155341
37287360
7948339
22729092
9676841
25956897
23594430
32441129
9514295
20488196
33522046
32976722
2767920
17145000
34289965
19024720
33498908
21152964
3828153
663158
33138923
25364240
18383533
370863
3489133
26904930
30056418
34050644
16641864
6496791
1734865
20346443
35478467
19194374
32279420
29737196
3346686
20461011
33497988
21497911
16690997
18008327
22303490
12748896
2638041
11115331
7862761
26201
15271618
8637946
31162763
33180841
12815734
2417812
17979960
8086734
26361065
20565924
26474818
20722820
23608123
16622090
33730906
23092750
20097263
31478214
19883199
11482700
2441955
1617266
32421592
29228370
1775089
24080672
2847077
2397086
28387153
37060000
2980517
37474017
23393933
7591356
24243441
19200949
18579121
16318827
31752082
33935083
36033765
2500373
3413450
24589148
23176747
27326858
25330102
20714809
12666465
623507
20377428
30094777
17940342
16123542
1401120
17254426
15907750
17996378
11242936
30079883
25978940
11844891
29279071
16199141
26940435
33297991
37221573
740190
37783096
15797878
15608095
18182769
17328255
9834565
11429087
9881546
7139208
8038960
17435928
21320253
36744350
20427549
10826351
32801199
35578869
20211639
10514764
3351891
35125193
19308881
27726249
10090451
27334310
25115318
10080554
35922871
17207127
3562743
18367428
31648430
22889137
24225435
28637414
3183784
16955437
29121513
20952140
22677621
36208095
8773796
21410485
35320762
25548266
4045700
31408379
2768094
15029839
32072183
10771926
1510872
2937241
8969775
20369271
12455923
35757429
16260706
17967187
37767072
37154884
23514079
25179215
22638859
1652390
16865545
9292187
16218121
16226047
30406914
22820582
3748456
23301031
20309621
1973218
22428580
9380064
21185742
724830
30898445
32012170
31264559
30831339
23888326
31685922
2817001
16553564
26321021
18839471
32015467
37160798
27777378
28698926
27468663
6224838
9482185
17064420
33076949
12544180
30328961
29658993
11725215
32799337
31507272
8080351
16616844
32723375
22185053
14572957
21921084
7049116
26190166
16177597
26106544
20979638
22706417
18462109
18585789
28457587
29172241
34684587
31190121
32623925
20821338
27789149
20800153
6799932
27469020
24506877
9659849
20159133
19353731
25868142
9454354
37633155
27314365
18479471
28728096
29349727
31723241
23171473
30049327
15851920
23768683
7957408
30903400
7280810
30665458
30270144
2347831
31075661
31446316
32847413
9157753
7981153
14733976
28410288
10230138
10211470
29452320
3865248
32716818
33407388
9666878
19896309
3690109
24463232
18229504
37037287
22126898
23287986
32594495
28527373
32487276
21550668
8285088
30428150
27896769
29315460
12377401
10026387
18299151
31953910
22173147
35154618
1547749
22581438
28073262
6380400
32297954
1067610
18084303
9240741
18812492
30893594
6472419
23240066
27449900
28453527
37308987
23727837
28539818
23161537
26757674
7526192
25310970
26699082
23413122
27158936
1620295
33727594
28606766
27817014
21055392
33737669
23086711
36272218
19155310
27816754
10762371
25960208
8297640
22157547
27997158
33514612
30975982
20594620
8158204
25273029
7813676
34862404
30423818
22493342
23493730
20486703
26931452
33251771
27447727
22351109
31421155
22843695
29160895
34563623
1311725
29142232
21647708
32542379
29107460
37096339
27838936
38173220
35670991
34486740
33011431
35090475
30796921
25093383
24517058
36097997
31471958
28103414
29648976
36976794
10796586
30033623
27343888
37271132
26301526
24406251
24914335
37174709
23609463
30691779
29672559
24032437
28797850
22250194
24969686
27601477
29380072
19782001
18162015
32503353
26786546
31075361
30864466
28397967
35879665
30931632
31054222
38037683
34389509
30843423
19884429
30094499
31012856
22120256
19450294
35653914
31067304
37287318
23022091
16236167
31317281
31492131
36154448
15249310
15495104
15495099
33289311
36473277
36173036
26881859
35180229
32613525
2909676
30953408
26362046
21286730
11738662
11407964
18982754
12468970
1258443
12201612
34939863
20404708
31243575
10725856
1297235
16501219
32797987
8044533
37042595
12789673
1115632
29228382
24673616
18245703
11482695
17923388
11328240
36197214
20052730
14733081
3502447
30870669
19261230
26835857
17762736
19890074
22672573
21157690
23834377
10753687
11919447
7803117
21707862
35104353
35547565
32823839
1107116
29665714
16020051
15185269
28707407
24727717
21302192
28621030
18955726
28395002
22861194
26307942
7250389
25804581
36482852
29408857
22040605
19768366
30760172
32141863
24055711
23940694
27491293
30035586
28124452
35076903
3239304
22499405
21450262
2743031
17714459
19060588
20550745
20650601
30539767
11739071
30216654
17244569
23972829
17087813
12182271
1444769
25226962
35714700
31230602
30460747
35403880
30550449
21046068
7310499
31308197
21156345
3521373
28783147
1396427
26340346
15985078
34670025
25460260
34151886
27596026
20537122
31387390
15072179
15481783
31884895
32068975
8361572
21356158
9630769
30304477
18338212
3081622
16413666
15184922
31434803
30902870
7512580
15319703
8091756
19781222
33779331
25804195
20801087
30462117
32374299
36789825
25547329
29676814
26827641
3119161
9130303
25971300
32317025
18501411
23545424
37339206
25189791
31951767
16678804
23262119
30806143
29616753
20550947
23336815
23274740
34622713
34445158
15334696
6406929
8303890
20305306
29713894
8764376
22898296
16894184
6972995
26388120
34500626
27973536
16086036
22851280
13129593
2148665
32507685
35642994
15317469
9260992
37669383
21396684
17011205
34549339
24893798
16267375
28701075
10321670
29883694
35457070
37465679
2764645
1691458
25386957
12941437
28044452
29614295
6287578
29160120
3205385
38393915
29512783
6324347
32093571
17459424
34180761
29518790
7684468
22627142
22778851
2542370
17011126
16473330
12854756
33895270
2047094
23795314
30575702
26759439
26732957
21818675
9372735
11360389
32183776
30481631
27669997
2787484
37414586
21250798
18827269
7886266
9578881
35511103
24238645
29429985
2709930
6332427
22222543
19901175
32830465
16756227
9340421
22652424
10605924
1965796
32071126
3290703
32664104
32955635
28382615
8272522
1913372
11978162
7851621
36634569
2388643
15094628
21876255
21561555
15152788
20430517
23171149
20608001
8851768
6777876
16519569
11059671
6444793
2646684
11965850
9137720
16249006
20625692
28918118
23157096
21707860
32434024
12126226
26598289
31460569
19427648
918829
37016564
32132100
33228586
10663517
17918531
28566233
2513079
3476958
12764287
32415032
23240849
28738261
37383232
33190975
34623200
7137085
27737869
26281485
24753136
34106144
20562790
23199418
16353756
27143117
36151446
10529515
25367666
34291600
7670439
11561043
31008977
11770244
32594193
7467939
8895943
29105546
17825077
14605324
32767873
28427029
3283314
16038683
22673142
15642876
22500309
2972165
24491606
37178103
25892508
36841074
23010135
30938893
12133068
16453249
2517493
18519870
10282259
31911024
7262510
16700849
32299778
20453261
6779335
21220675
11781860
35579989
20041474
11318884
6413048
8727138
3876688
28645717
15908183
37432983
26223187
15554773
9390696
35164524
17962081
20736152
15582836
10813008
30322756
26396498
19026268
22939118
25403926
18832427
15555724
3069749
24606100
15707276
32459431
28764897
11487209
10708274
8483066
16401163
35617623
35241041
15169706
22618302
22827594
11571062
15490343
22858262
37900065
18479840
18777227
28231822
30630956
3839911
19644348
15820354
8151000
3147318
18925978
22421185
1806624
14704590
25819700
18165968
19996754
36063627
29450954
7850330
7343274
19074541
15253110
16190917
21159055
11025624
16676776
12611755
1810228
35759349
28062343
25825021
16298239
37454780
35733405
34726298
12511771
20077474
15580376
3927342
1687857
23665943
34787377
33765634
19836928
37208415
24059061
34312771
22745378
12759259
8546018
25774662
25540200
37918702
35501379
34896334
35599484
6524198
24837743
26118726
23461676
35183618
30337626
20593994
37979175
2921862
28690033
35428862
35460870
2491752
22384223
37749080
20460143
31926295
6891758
34282017
7470882
16000159
37590406
16928182
6290544
31109380
15606908
18634851
18395759
38378836
26747211
9042570
33829643
2173558
25867960
12614343
28153456
11771945
31272300
8102036
34127752
24423792
24009395
29233751
27191407
7064906
15292181
34017692
34175409
15362719
11018077
36148759
15544577
12014493
34134000
20394775
25486177
10678495
33689290
22094386
23447589
29608880
31758600
31912571
20513660
29609110
26171666
2803826
6106665
21831324
29501684
30999031
34307083
34484327
26615717
18797365
36382345
26465711
26704255
32100127
18317780
27485458
28632582
24444827
38092268
21951913
33278568
35152856
19155230
30943885
36889489
17415533
21840342
21479721
30181106
38122903
21114367
38029664
28619309
21606375
38613791
24105649
25579380
32710291
34889516
29969470
29436695
7200181
412203
8467289
17524565
3104080
27396907
36206819
27081159
21232055
125578
16043801
28013123
15726540
3962762
10066203
15794175
25325609
36120775
24992083
31884472
6986939
28594056
24131736
34145880
117492
34851866
17522560
34059401
16728716
35542991
24090228
36114949
19892408
24411709
6802657
27465265
10855459
28157380
7954759
27716660
28817491
2044398
16140593
1822317
19406291
28124585
35272494
30644541
24450891
22315948
37550718
17388711
18787328
37456355
25789160
34841124
26159452
36451226
33393402
34667009
25710916
26714784
31665033
34876196
27450411
33685522
18405390
37709314
33707272
27881152
30788136
31331292
19040767
34824110
34222793
25604206
26251659
34294137
26941823
34663648
25926152
35153851
33736678
35771851
26307621
37734899
24068437
25649991
2186274
10875051
17536602
37794830
23985232
36036496
31023125
26306891
33772349
33619823
55891
20236174
17503104
24974383
29860473
28683750
14991240
6751132
25512674
38212353
19330596
31423955
36598770
18316457
16306249
22475083
7802126
25431431
17117070
9109029
11153807
16186198
19521645
28118304
12680793
26450593
37132490
30868468
7999347
19961324
20562639
17467389
20971934
17565028
21171977
3049282
21870315
28735440
10883547
18514148
30327142
28760387
12817549
20012471
16195185
9409103
25837613
36203173
36152383
32892962
1361041
11122949
21523606
25666180
12489625
28440192
17876387
9858018
10470554
9611541
2202982
19716662
4053968
26404041
33398531
25084209
25690086
12905582
6394993
18200440
23037610
8020765
23040741
24892819
7563640
15689333
28805576
17880018
28350947
30934083
15351342
18084001
21699889
8827171
28214813
11572527
27978785
7221784
1308085
3478668
22082429
21735854
32045917
31730793
20391859
11186596
36669291
24411480
950457
31678749
35978943
17427914
33341816
11829008
16392974
35124649
16136843
19133888
21782542
24606601
10596247
28836826
1249391
9409870
9733408
7193787
28951181
25195920
31985496
35274469
28867587
22926093
24719222
9520072
8345657
18194524
33860704
22498119
25675779
2153897
35946705
25403567
6734429
11276037
26431806
23352684
29126277
23733091
12830400
34523706
8084630
16276559
2946351
12244316
27138817
19394958
26274986
25807477
181996
21157165
23286548
3681758
15957677
21294942
16850255
8726540
28128654
36078361
21669013
22163278
8825886
23635966
3346695
20214136
12472824
26516889
28333604
2131598
30875614
10562114
9426989
29155708
6494344
11337212
35421825
9460801
10527059
29468574
15217203
11222467
35322402
12556356
21655804
8245323
32421607
18776066
22990044
31118320
24467683
423003
32665027
34793748
27180681
7771669
22233368
25660618
3032641
14572619
18314446
14684974
19219502
28834788
21112701
17469116
30181120
17420689
19911113
25365615
15115064
15096530
27459437
34915734
3480684
24041177
19416336
8894956
22341210
28447919
7117826
23274290
37195665
3418380
27070004
11172943
29474382
34250608
21118068
34708477
12624948
30160814
418755
37294375
27981399
30952413
10318183
22907187
16116613
8237691
11390547
3962925
35124278
29948073
24101041
16310393
24512596
3710651
15673232
32642948
1052765
9865667
26260352
32149692
15370733
18580596
19592446
25200842
34023301
3406244
2708041
10997853
3226364
21412213
10149809
26975614
21768730
29052307
6206962
30108144
22733427
18439548
28847041
22680244
16319418
14872042
25947039
30950321
31715440
29554099
25544506
35411967
16389739
8483863
30732635
11324179
29725038
9514820
36399268
27628239
25637797
3087662
33172325
34052305
2991303
35630563
22363216
30799274
24576675
18235974
16696567
21978081
19701582
23768781
25413246
23602580
8558175
33211254
16249421
22564982
36897426
28753768
35466396
26000815
21255795
35149900
28339400
32086598
35948447
19284431
27184287
22309074
18983627
36423207
33326573
30842305
22913619
27488293
34871380
31778847
15775874
27594651
10481774
34863428
24714669
7914045
21713391
169687
37231689
25929206
20408063
29138078
10954284
27461663
31875461
33667828
14715977
26717645
28403387
18339093
11552726
22608804
18075929
715658
26790566
36563534
21915483
32810378
30611915
30900693
20377818
16311156
18664057
24195899
28710845
31403948
22133242
33221715
9782544
32248740
27520275
20598917
34207317
21801595
31207861
29439368
28665331
19250803
28481536
18346734
9255596
2908897
2755582
35446941
15310634
26085639
15956992
17510507
31524960
20648652
19397425
19782718
34308901
23399896
28939429
18987207
30563837
24619358
16767098
33559755
29699515
20419981
38073394
24152628
34989158
35114781
10979267
11320278
3608285
18021928
34043593
8026947
18477160
34230446
28914559
22108402
26353171
17616843
20595698
21876345
16473743
27899143
1564480
35266213
32282552
30015789
11214683
31409401
8689350
31124959
1502879
23242090
35457347
21084213
18540779
34347327
29580855
11394191
21211501
10494054
29299775
34309908
3137593
2421958
32885414
18312448
16409439
3674795
15538265
8933611
2885895
6126130
11697523
23697094
11030483
18568787
33285701
24047427
35085001
28362884
2597315
6381472
19558254
18272230
12422062
8347179
23063133
33154348
16524173
18712059
3617108
37428312
35041849
2338549
28833532
17190139
23087000
28687401
36810252
34526055
17959504
26463925
30342963
20451518
25288671
27812760
4075172
6820479
13286422
22810096
3095713
20058555
15961528
29883458
26645798
29362445
33541127
30367763
28368413
24886495
20969897
34077429
33319488
22051176
35229257
36646411
28056358
21099718
21316352
19469685
25447740
29790427
34144146
19666100
26818096
27837658
10809936
34635802
10201422
31944580
36281683
29777529
7050302
15383747
25564105
10831772
33164945
24313244
31667735
30775261
25957574
27825381
32541457
34034790
30760299
18706103
26081580
25986294
26573153
24025111
34786613
37155177
36443882
29790072
31578808
32530426
31337404
27511183
11520467
36472596
36632763
23703687
