PMID
25740503
25341892
11493278
24875486
28775165
24723564
10564540
11360433
12725862
30289529
19556585
15758153
16531566
27107518
19732354
23123586
25106623
23604025
25267624
11342107
26441528
23762130
11233674
21782658
16712491
22281490
22045699
23272225
29186705
26939243
19559095
17393486
27844282
15255264
26996171
21106522
8784331
23806715
29681148
28545672
27515288
30706399
26093094
24911099
25616617
28414152
27259381
11750930
23239422
30518638
28279172
11721985
10805805
12742468
20045929
26159197
15099593
29375691
30131196
25525172
21653897
12125739
17342521
23756168
20426880
29039812
21668443
29219746
28163066
11122206
25887441
16574486
24595564
19500323
27607415
17603673
15694228
9419016
9074945
23388480
10983836
18676893
17999181
18457535
22134154
21642619
17078756
23771673
27678529
23584611
19593542
22916706
20524050
24046442
30408943
27189472
8790816
17596716
30038939
17988789
31351870
26187758
20950593
25695556
21622617
18765234
21396966
16806604
20678073
12220882
28249911
12748885
16651822
9402641
10668429
28538801
27143854
18612166
19922668
8804650
23708395
9084060
22728090
25538241
12943585
19245523
19696133
18083144
8911659
21271212
24787365
28370471
10389140
24592242
24463298
11230284
23824813
8965220
25389957
19530161
19636222
29925868
17337592
30609902
20875341
21832068
16538087
24105468
26220411
28670506
23965176
30403331
16636673
10947061
11978660
26397744
19017649
27899234
21783480
12534992
15265674
15844429
16981829
19595641
23571414
22960105
23601353
24067600
16649207
19321774
25047528
24374203
22726253
25996134
23050643
10188948
29222689
28216584
19644058
28918027
18681236
28654263
22445524
26272917
10975746
17708098
23629649
23984368
17019658
27438618
18030356
24973323
16359361
18462048
18413797
25288137
24386444
12424690
17597458
26406490
19438508
23548690
19335472
19484127
15833087
26268328
16223697
26849413
21252501
17405516
24508346
30979796
10718682
30413686
20850399
12650943
25383903
20171164
28011764
25872119
18774319
19661066
18778708
10823269
28024901
15469948
28880680
19261443
20305632
19176818
26925039
22749925
11049747
28716393
28728108
17055069
29580065
22941261
25709626
29465612
18042887
26726264
20515824
23676638
22236471
16194540
18729048
11524348
27012766
28947113
20739574
16822347
27248490
19178453
27994458
25761946
21460598
26773779
19008644
29268122
27185224
15518846
29776458
17826736
28396190
28385189
30732549
25195602
19900419
28701542
16239029
21600603
9408055
9711195
27288078
22654205
24437504
12594737
22780919
9361242
20230762
7583208
27146657
29421611
12900880
26539813
24353313
18580848
12626750
17982682
29048461
21725755
23173065
10646524
19117307
26636509
25609610
22676811
23950018
16493670
26378583
14707063
21900579
9291946
10793188
22848851
28523127
27861293
22883445
21085654
25677771
26565590
10439935
14506307
8639688
27527983
17689533
8959868
21677440
12933472
11102487
25485114
24629181
26855327
22451226
12846989
12368263
10945931
21487071
30927680
24731050
9200988
20662035
25290011
25229169
28635376
9371688
21279489
24153235
24285473
12855368
11200795
21145311
16830011
10757837
26807022
14641562
15999997
25888276
23159434
19601878
22428064
23171592
19917621
17492899
21615442
22715386
28210905
17460213
9062688
22361023
31245482
12968011
27186310
20035131
29151281
30136683
18262842
22126923
28676463
25061247
24495535
11961046
20186864
28893581
24362851
30625996
23287963
17873826
20736949
12691607
15792521
18840613
8608719
10689198
28161373
14512817
12435857
28440280
14756381
7562514
30768754
26316749
22484017
11935070
17101231
14992547
9596250
22564535
29360497
11741726
23470632
23830879
30929670
11952449
17190727
31244436
11563779
28752781
20876525
20467590
16110827
25605877
27648589
31116960
12437481
26826775
22792311
9445015
20813146
29562640
21894212
20534912
17957903
26026061
17822470
20584051
15075312
24155430
15975054
22508066
9455525
21882851
16012201
30005051
22972997
21354109
30605647
20167117
21994383
18295998
29141575
10843717
12212801
21900376
28245617
19681057
26429753
29862191
14702000
21722207
28027234
29417567
17826105
8791034
29669865
25105475
29772250
18642633
15888538
17920644
17887970
29908256
21747957
17959021
26940604
28087735
19320813
17869087
11374608
26629530
22292840
27570548
16339021
19046036
15307904
18804094
22483680
23645096
20503469
27474349
24020590
19945533
26063233
22666178
23394521
12826966
31293421
26045904
20044532
22897399
11323145
7574043
18068510
30572567
10334572
19723562
21865497
18512759
30995914
24619238
26020516
27564703
25579983
30058374
12737522
29865061
16440303
23668706
9848719
11127934
23221384
21721001
15051477
9689462
24915026
25763012
25794638
16675748
18784271
21118153
27566753
18395792
11891768
20025033
18287220
15642781
22789906
21940943
26590328
12573615
28560384
18220526
31398269
22023943
16608139
22403008
24603879
29576854
25797577
25887200
12975188
23781095
7773536
12877931
23189291
15211438
20139999
27424315
15327760
24529526
9643871
9815600
20391368
30305214
20541840
20544821
21870911
19647779
19705455
25637094
18408128
30366873
27281462
25042014
23959022
8577269
31189570
22113314
23543392
22996397
26240367
20064557
14972684
28674247
22178991
15896973
28771528
15934917
25849612
24647589
24297305
22146586
29209166
26412641
14707836
15845905
19902868
30564621
19075944
23188715
29847797
17049444
28852178
10328156
25986506
28662872
10771080
28282358
25119878
22504025
11334998
22281443
17880570
15652995
24008571
22458501
27103044
26140285
10743680
9185506
16953121
24897737
23182225
15765598
20967890
16137717
26012255
24066934
9050832
9508703
16766027
28100454
12766643
28835671
28165476
11358438
29422008
29254993
8732282
16815381
21093517
20708551
25865621
16083356
22859197
15659599
24700295
25024455
12429597
27511021
16181108
15581421
7542434
14679203
29842904
28478593
25539593
29225076
18025934
28777879
9577504
21725761
28116837
22312322
21314680
8974623
24613797
17406977
8638253
22884554
26987350
25800379
28562459
26051402
30720717
25540127
20971437
27841042
20584926
20684593
15678114
31192777
10636108
28968068
30843463
12881580
24234649
20963569
28624721
17956770
20205602
26074958
12582229
10419048
18230119
23718893
22402058
16394510
24128881
20887245
21305343
17928684
15452225
25426009
12601707
11780277
18446526
25774998
11859111
7605924
20963433
23512601
10513701
20347885
28588066
26817272
19059234
15788052
31228590
20013214
17691357
16847778
31041455
16037415
24330698
27030272
21907264
15309358
18052771
28757291
26123491
20813105
25814227
12798269
21988318
29875342
24251880
24272274
17493582
24631863
17950543
30625980
30242123
23909730
24012583
10095078
11588201
28608562
25966356
28766982
26493391
24265137
14523957
22771622
29880832
21848412
24192634
20700719
26119240
23302804
30498516
8806016
22436021
25074254
20716939
29079998
26003955
29961065
22974808
23288013
17959251
25503822
20001318
12231479
26045066
23844218
26394202
21677626
18346726
29579708
14597329
23807708
23020188
23648273
28980151
29196042
31300448
28301805
28265255
27091069
26884339
15296830
11222798
17850581
19836417
16034682
19298756
10082813
20878262
24361359
27100700
11295881
17727322
23291347
25981608
11303271
16485290
29782957
28630485
26296311
15630437
12802876
9875854
9721595
30003352
21971574
28582800
25228089
14682493
16188408
9120411
23216582
26391746
21262213
28984802
19159453
17201731
11918971
10699447
28657597
25889169
24894177
20402687
16336203
25125607
30766535
16262729
10877911
21187847
25737095
14978349
28645738
21567969
20053974
20828720
8626823
15354176
27270499
26453387
29339053
16343773
22429494
31324499
11825026
16773141
23448462
14725496
17000666
21435383
11318787
17329437
30031789
17087515
16650073
29708538
25774662
20047158
22763623
16467719
8543801
15878434
19948063
23519126
15289344
26451114
28494436
26927159
18545913
29625183
22749439
23704073
23337398
17702032
17336356
7610811
30405745
27930518
10472818
29420891
8900297
8942380
24251562
11716805
17356729
21725693
8726175
15987265
26497015
17070641
21923175
20170689
7484762
11721701
28412969
22619225
15233203
18678898
17405937
10932230
24978398
29743863
18958756
29159800
25147751
11051274
15885921
12759129
25897452
19694270
30292807
23975629
15273432
15675603
11563311
30564619
21599544
24672434
25847835
28702179
26617144
8553390
30410042
28331473
29937116
27601384
11563291
28397143
30365070
31175888
17629391
22001680
25064828
14975683
30177605
22419567
23470443
8730845
23741506
30188455
11677051
20309620
8581286
22388074
9278188
10352303
9656035
19766183
9846830
28378130
12692099
19196428
24824742
22533378
20738858
20018383
29196443
29107647
26376175
16939433
27595579
9330886
28442413
23261765
9889325
12390432
18329987
7778062
19228180
12937027
20966059
26755608
15355014
31319064
15046200
14572136
28400976
23459558
30145792
22927642
28209505
22483792
26108221
20865724
21144822
30093719
10425648
21801595
16506500
25053417
15860701
17466293
15305185
29625189
22948497
29895492
27769753
21341265
27592819
22885341
29577406
23238827
30315879
10748824
30115604
22742855
15554431
23518709
30509695
28112759
17006890
25425049
7795272
11807490
23404619
9347981
23508986
9767635
14991585
26740655
22702468
12366818
27131835
28840473
29415894
27744240
21768335
18374455
25058045
7623159
18462720
21171102
18803307
12180267
10716891
22198804
17000906
21107572
11590086
18208924
7790932
9525823
15649278
26484945
23233195
23307961
22139590
19114066
21983748
21718734
28812061
30126549
28386732
22221581
23486571
16095453
29749036
24166247
21691429
21713039
15886874
29499926
27332042
25110079
22078261
27589526
28738764
19553480
12858078
24475897
25010655
26363153
9862746
15509065
21188428
21280087
9243618
8930303
19652956
30377061
23967201
12597612
14514872
19682881
18081530
29250896
25037167
20229701
15850662
19854291
17017570
23376684
19145359
21547954
24694346
11145715
22166420
18524541
15196504
27858399
11978824
26786764
19737347
31159561
27324156
17073587
16054173
24875027
20811945
19817844
11327433
19150193
30160055
26412443
27334877
22323488
17961604
12968539
29549235
24170267
8523088
19740990
27756783
21904894
18509487
30468665
31397941
29321318
8902027
28518122
15939160
12161747
25658708
27701797
19796500
26041925
27902774
15541713
30504275
18632670
28581010
26518025
28935700
30768929
11603131
15081964
18441510
29958904
24211719
15479877
23931817
22053033
12390545
19996767
27167128
21109930
17121162
16119056
28900242
7771544
15937621
18407253
11826734
9260063
23695997
12719433
18702728
24398997
31281443
26826352
19146917
20590571
19668200
11054432
18026170
24713870
11903927
22517836
28641333
26753104
10469432
24931439
28713482
26498277
29378182
25887870
9121815
18793863
15520321
30360145
15749344
9024879
16082515
19249128
22981158
16845889
16222130
18806801
10528931
17573457
30217478
18849340
29230247
10978191
27572322
25261695
17984680
8615130
30933370
20145249
22998629
24904277
29891064
10654948
24971630
20581816
29530027
28878731
11322909
30326403
21133850
22001658
23097345
14678770
10407856
28985560
27693395
30468998
29332578
12815112
25851072
25143934
26071643
30236533
19569465
21725756
24631094
26114340
29663930
25113171
24309249
28981978
16464685
10703801
30064964
24925401
12768133
17504104
15821932
11190043
10465709
28789904
24973211
23392517
18614291
12533631
27710899
30717172
24068980
11426838
28684586
17320639
12456067
27942925
29548782
31411525
16737693
29536250
27707979
20688106
28235509
22577493
10366197
30606894
21325621
9618405
19424495
20861635
19773812
30334198
16808887
27306036
10521138
15471968
21999921
25389697
11566502
10588922
31014088
28129111
16961277
18279359
7637875
11869391
20387124
26160147
20679891
19010737
24970039
26439945
25394858
10321481
12127150
17725578
24015212
18494728
11606501
18490572
24378030
28504893
29069033
18219820
9918705
9043849
23154458
24404336
11210440
11769271
29535780
26894929
18817617
30051755
24936837
26944170
9145995
31422512
11053772
27841763
17225163
26790975
25744678
24960120
14705601
30261496
15593122
9829417
30242501
23831998
24931790
26736518
15184763
22322159
23544080
10218530
8613929
17960811
14710348
17481583
26114940
29397790
12853538
21091312
18704295
30093197
23548126
10339466
31414384
12186471
25062008
18341391
21831598
17522345
16465059
26463977
19204913
27665924
20494907
9512855
10817541
29309411
22427157
20031002
28453488
26098772
26472761
22445866
23676272
15525614
25141825
18817006
31207980
8960329
17026969
15076720
16294064
23029491
26658052
30935978
18382282
23483458
25551918
16044300
23510193
23644185
16430706
10410738
18848102
19289286
25530144
22186668
27520081
27928723
16951904
30480879
28748212
28390951
27344466
11592843
11173554
12915392
20533892
16709038
24814875
27729575
28167334
18434898
15974971
25289933
25319661
10805797
21574950
12044956
11481266
22749945
23421753
29242522
12480787
7674474
28369749
19891597
31120888
17127346
19560742
24792623
11328754
17046604
25588580
17617404
23931809
16386305
14642834
20663571
24602692
29327953
28294065
30669473
27703494
17674368
23758598
27848883
29907165
11790513
15023576
27521810
18160637
29940559
15265314
22996695
10695498
17030655
12960779
15033380
10369147
18545261
25443748
19857996
11294604
24323276
29039078
25632378
17116037
9062684
9750013
23287799
8909911
24246143
19252677
20339830
15970948
28274820
28798690
26757428
29248329
17199962
22805084
30130302
19300520
28546562
21929872
15635590
27929421
11557751
7597126
29401634
14677695
16955050
12923819
16457660
23463912
22552037
9695121
23703870
20874702
24912075
12967685
9391981
27143909
14655142
16950317
15817892
16352395
22535265
20011060
16319718
12138014
15875786
23210548
17073819
31265179
27960082
24770625
26548414
16444903
30027365
31030416
30028332
30563941
7750871
21231901
20544526
20238066
24323723
11493025
19082698
22057932
28855139
17188442
28842604
18483821
8744398
15672209
19937249
14622959
19788921
28534275
12214065
27288534
29696758
12846971
15308313
31348966
19491327
31382130
29720228
20654588
28417216
21772813
29377748
25254997
26064425
15362722
16380371
11687516
19859770
12606298
31416242
23867009
9708841
21937615
24752390
19594382
26389871
31244590
24838966
26873848
10380846
16043239
21264351
19690274
29682020
29627943
20626250
10766354
7655986
17352931
11162424
26260033
24336048
20875224
26787772
21592405
19099671
23707853
22539011
23248312
23739959
22328773
31039339
16481111
16262645
12624817
19394173
17884290
16445913
9448706
24278884
16553567
19303550
19501111
19276721
15454965
23145208
21718302
20364328
16188594
12097492
8883837
24556678
23584918
9215993
12064258
12044020
21275975
25150935
27501245
9627243
11752124
11438310
18092947
9137843
24291742
26211978
9359599
17122421
30675058
23065075
22426396
26054938
24153443
12808484
22529194
28018176
20455499
18193639
9079766
27723233
31056982
25419389
12056831
10834603
26611599
31104296
12570682
23813585
23192196
29219186
15239477
25302788
23754220
27221536
26463038
16960760
29558816
20692373
28391961
28253907
24470552
15126759
23029379
24863526
17099888
27498226
22394650
21358976
11746943
30194232
29472564
23878590
17449451
23727015
12839833
29782979
17439814
18669513
23106664
21936708
26025319
21645514
29552752
11083045
29086681
11904735
15710850
31209174
24980729
30964070
29358156
30880587
17629034
23366276
15972642
20447382
31338024
28712909
9171868
28225888
11677426
22414309
29597200
21903116
27351827
30594390
21113193
12880380
19076432
9418724
29071234
19776020
26626085
30898681
7537281
8747166
12567160
26432758
10747967
28620838
27697594
11033124
23824919
29766039
28875861
25499850
18835925
16763909
22241671
28181779
8883193
23141747
24530437
23797954
21349818
28281577
28253984
23384836
20809809
17057749
26563449
23668915
27838821
22368049
22282217
20020438
29168738
12431368
27431938
20842034
17010339
29679696
12427324
8742984
15006614
17974616
21458252
16297723
21305632
19939961
27765847
17158031
19507228
27060013
14643390
29431655
28455100
11220367
14499284
26606275
30272053
21318871
17999421
12857367
29273951
27093433
20431805
16598779
10650154
25492620
22971911
26555041
29438698
25832861
9570690
10877004
27018321
10875976
28780707
10699478
26103617
17181988
27328989
31046452
20859261
18090950
19730994
9148807
24486710
20924003
15109452
31350114
18339048
11290883
27438993
18974551
16967263
26141738
28923277
30417025
22715999
23200899
23360274
17786860
27678178
30203705
11872904
24368988
21732935
16876771
17239435
28780117
22090473
16176067
26505992
19584713
17379111
17999380
28026740
20164833
15324929
31128597
8787135
9844788
19350686
21967732
16912655
8635431
18672370
24805071
11565733
23638079
29685176
11262737
28420428
9732200
20172629
26941170
22554400
22703631
27527732
24449431
31307824
16235321
24357569
17620601
9626996
26205410
8856698
28932379
15549732
20088808
29710463
21925770
15968644
12589964
25788925
29193609
21243253
17413318
16883628
12740572
9772334
18403121
20590549
27816501
26216862
29925809
16909002
11923591
15172958
8904636
15607673
30543086
11815264
17955223
19299492
28109273
27684946
26188600
20149440
15977017
8581559
28597184
11465927
28138561
17709900
12763100
15850769
26502701
19879259
23128960
31315039
22958795
26004532
25573359
12858061
16368225
23371467
22366100
15464095
22972111
27897089
15365815
19291316
20196728
25034463
18423881
26285082
30111249
23805194
22668821
9537626
24948812
20957094
18790757
20417247
20969506
9555006
21298751
23647169
22413865
17468177
30799272
26694743
16340103
15566429
24747463
29856023
23092408
22659086
27121961
11988619
19945679
11080196
11027851
22638858
22104144
31269453
18989575
9700666
30125630
25643257
28300164
16158910
25260552
30522817
14512218
25151011
20053755
9731465
22116706
18636047
24576561
19290013
30194942
15472083
17947392
30097157
12723755
21963650
24111063
19011712
26674479
12145288
27824858
28025607
28941469
20739677
15710845
16620991
8822509
7499503
29054570
9804894
12172735
30725250
22766509
21631407
25224767
20819387
20498218
15542075
21985867
27902447
22451301
14664906
8794992
26810319
19191283
22258934
14662401
17369952
26050237
26125260
28922400
21255620
25461350
9568086
9067529
25205367
18820406
28487125
17490821
16046843
24723321
26443078
22926063
7475922
21087156
17509001
29492779
18669618
15102927
11525563
30102270
27102787
12807312
25056673
20079372
25616581
30244138
23266253
11093355
9348638
23061663
22759925
16084789
22899443
15306684
17049785
10586975
29053192
16107263
12525810
19476463
22584394
28641977
26942253
15265279
18559371
20502528
24086771
12007704
22304959
24869594
22578701
22166574
9987029
24924414
26318123
28360616
14681543
28726798
20586684
23075911
23889921
25793533
26177924
9514305
24388974
30238130
23895521
23155263
12351211
21295552
26756543
23686636
9591847
26972922
23740606
21816823
26463864
23143613
27203695
20146700
20818775
12557016
9778761
11556122
23205945
16177809
23211464
17087121
19716426
22784705
22002926
26015513
26459110
19402951
12968146
27349884
29692815
23407314
27881053
12379292
24718267
21744056
23644855
26279104
12585687
26246977
25700075
17517969
23707878
11866430
25395537
17367402
9642493
12749972
10442247
17192694
27865983
22824626
17996333
22985932
29126910
24683505
27565411
10563117
26170225
29244790
26142065
17219216
20075346
19067348
24464249
24494586
19211655
15760390
11700960
23414744
11592341
16712496
29938333
20422365
22436003
22778871
18251813
19165041
11251211
15137622
25982925
21523423
7595680
27620951
10220905
27557944
19917879
27394174
9171180
15893368
30876980
18187561
8703385
28852383
30574805
24373007
12086551
22328945
12413405
10627312
24890126
9039650
24928208
10029235
19359525
18679114
19899955
11086785
19910005
26637327
10999516
9551785
19940280
23114011
30496855
28210956
18273710
31003004
24424289
16036793
15335313
29684590
28955915
26545331
23692380
21248119
29557745
16233954
29966698
16235738
31270437
23280820
21459017
22076079
30420484
26589247
11486125
19335548
25316567
20523337
22032907
16053697
11753757
26696410
18809733
30046341
18335518
9731628
25560396
29631504
30258112
22984283
18040779
30070749
23370493
21068302
21489323
24551199
27775787
30183782
25769388
30532184
31216395
26258793
29715082
21080238
30566867
23228070
24324155
28292958
28054242
23110790
18691077
28427187
20826540
27743984
26559910
30262881
29558911
25781653
26502371
28333552
15159139
17368953
8543974
8690402
24840325
15449220
30615805
24375628
26511242
15952050
30977667
15663483
9237423
12760495
21299445
10399936
11325962
24947685
24067059
16961727
8832085
21245297
29062914
30185673
15144422
23430288
23508066
20739160
15883618
28269663
29430167
12908627
8763999
12707423
19908889
9846943
25949789
8917039
28840056
23517066
30254424
22396882
31190842
16644101
7791993
27109923
21630222
9593330
12087338
22309399
19906975
21763169
30599169
26639427
21596097
10978054
10350257
24806669
12855828
22143807
9112117
18204803
18684515
9517407
31444473
10966289
18040782
15073406
20026135
25155258
31036761
19960552
22962275
16787836
27801836
20977677
24880026
25007874
18468954
9518539
25212128
16219391
25771710
12810942
29740348
17556796
20331473
28342749
17934327
23384597
17717315
22442359
11887968
9574834
30361826
23394519
20713050
25494017
28343295
29732581
17269453
27830784
21499502
21615276
28934390
25433456
25606462
10557125
10712633
26078029
25736573
27250523
30851651
28362368
11881998
15002732
11164823
12634848
26343858
29532369
9577376
29421791
23547100
15898827
30151067
9580606
23739896
27084046
19183878
29951499
17903670
21222260
19028921
10918313
11303234
27052585
20503471
27704281
17338656
10676899
12764110
24251381
24220426
25732035
27194511
21243163
23344255
23357122
28168426
18499896
20015202
11406760
7777166
28137551
27317653
29621550
27818997
11152344
29132502
8737257
23209396
24126190
10986729
14583761
26279947
22065286
25557507
28739252
22529313
22895092
28347836
12536045
12961110
15578988
23190076
18182047
12147842
20876612
16467657
18467364
15634827
20187712
30386220
24080439
30170694
15655833
20635119
18157654
23954849
8896996
25422898
20675317
22402323
21198210
9729279
11085910
25094048
29738388
25330331
14660813
9714503
29329957
20369024
12057025
22833967
16769134
29908238
17184757
15860115
31276565
11459744
28648146
16026845
9241668
27876394
23162705
10414462
30100084
24050890
23079470
9286616
24486453
18577760
9084964
17950646
20955155
9336338
9260852
11920922
19629448
17728157
28777375
27771457
19046970
15215538
24335448
15686965
16078112
26272354
20005953
23543207
24618528
24110389
9326283
29571029
28886527
17149974
30457042
29889572
26782334
19965731
25253844
30245349
28390938
12915336
16219680
14725963
27656325
9290583
24369442
28966798
27230460
14519243
16150464
23279936
14564095
7640957
21418668
24682306
15571130
18000514
25720694
28733362
24562061
28196456
18500755
14644995
16750483
31123221
30578246
24059237
12438511
25118615
26144938
15778979
25062730
18798208
22871147
28370153
30379914
10048389
15702597
12372563
23548702
10513812
21628620
28914740
24669936
9308325
17303682
11883524
18396108
11563301
12818732
26329495
26187320
22351089
11081390
20659322
21046558
30139714
29133048
23892009
26613734
15936528
17298183
19439100
28318085
20357230
30916978
10082818
24129711
26846128
18428668
15975343
14552906
12476965
29794127
29458098
16979414
30603824
25751651
12799176
28120186
24095137
25457129
8838607
22127415
19929816
21486276
22786683
23916599
31216911
27043287
27593564
18950661
29511117
19162072
7889476
20064611
29443873
23981213
16703119
21184660
10913637
29937715
24570085
27658479
21234448
29053803
28620373
28768718
21725769
24945827
24523485
9097364
27840922
21694498
17105917
24165949
25026415
26144936
29140861
27472419
15126112
25026213
20531393
11230877
29757344
12053015
26894626
24821361
15095370
22005281
28094952
20889561
15721172
25057456
24448926
22327019
30285157
21181506
18390721
11982797
30807841
22090501
25890731
15963344
22918844
9694196
19147797
25969149
19673850
15675610
21508244
26516894
10674624
7473348
9526979
30140997
9303643
21388399
7636198
15256495
26313307
20403340
29338042
17244561
25233108
9464942
19351396
30333009
20050978
9818731
26316997
16362644
23876424
7609058
24509160
23326794
27163721
18779582
26969181
10591404
27378373
19619685
26098895
10391490
30249264
18584563
12369967
23554921
9027863
22773936
29574357
12640177
11695876
29229558
21813703
20134111
20735167
18571635
22070409
12855417
19079596
28939973
21079922
24861988
27106269
16337758
20188554
29519721
15542666
10570384
22397394
28166277
30019767
23525043
29784843
11527007
16785601
12477354
22989521
28499865
25612209
12217245
20937865
27584794
28008980
26736519
22160490
18366980
20016800
28903938
30863056
28359771
28359846
28810923
29756234
10473893
29618775
25732818
10468619
29474954
11369677
30690248
16259377
26924352
25027660
26596317
11705828
27846625
29227284
10360477
31112450
9656007
31314052
15718250
19804838
12713845
21314233
21048094
26962874
9878181
18043784
16203683
21810014
10027689
22985431
22446845
11120929
20831598
10415600
27186134
12477278
14564103
16503606
26783378
27566610
17420937
23307929
24938543
22237301
29144411
20507736
23803411
12907843
16806952
29392309
24706585
30352242
27498915
22282331
22890889
29910814
20571365
12470810
25307074
7737962
26678553
31216184
22201586
23184610
16697258
20394761
9843074
26788611
26301778
29940508
25952988
20471456
26295813
11731549
16140288
26359725
17962032
12018979
21589937
10852962
8905076
29925522
25056722
15362153
26400044
22969931
27136941
20061340
25825218
9737972
24395531
14500988
27519711
24621048
21185913
29849690
25864929
19647008
20393456
17460271
23313320
11325012
23568263
11282300
17005023
20138968
17619025
20166851
26490061
18470611
11723172
12220648
27122162
20843279
20566368
24565076
31089414
28496474
11411796
21441243
14667474
23152595
14640949
21674586
19775501
24886822
26608466
25523000
15486059
15250051
22164341
22562437
15589338
10100431
16008300
26724485
25451279
31290460
26783549
22994531
27791324
14740505
30373904
22624528
10329962
29743287
30069758
25573030
10607866
22571976
15771004
11332601
29513797
12395091
26792101
15582661
9348637
18372227
24323714
26941642
29860124
15892959
18633052
11552790
15371443
15574366
16178756
11595202
26364663
19429308
16766636
14680949
11114207
11142029
30467451
28087437
21840019
10451050
24305702
15815795
28620864
15718387
29305963
21497120
28808138
29125423
24070802
30487224
28434909
18728679
29771441
22360385
17980476
12363200
24862368
22947376
19713153
25187167
14967447
10376946
7614912
23828865
17965049
26670114
28193995
16515835
27498680
10529984
29916013
29043564
15830110
23591147
30441579
25422538
29154076
20675160
24347058
19451618
14599850
15732525
25031336
11824865
26380334
8821599
10998551
22154330
28401371
16125759
19944977
26441550
23200771
18799818
8759493
9885941
20107055
30025915
9430099
15769308
23332346
22441902
26970607
27501805
26965451
19455648
23520555
22390943
19186029
26811404
29094110
21415546
25622903
17966294
28405804
24120432
19339605
9230735
20736966
10898285
29512083
26143259
26730520
10947938
27444557
11787948
22687611
25667084
23133375
10066865
7566469
9741650
11961526
16384687
24417420
15381293
22766523
28386997
24969982
9345239
22155296
26528430
22173129
24512016
16040183
17786603
24210064
21377630
27633846
9721725
15374606
27618597
24236947
25991442
22379614
19736007
20224926
17628734
12454020
7655032
22840516
29904827
22523418
11863417
19590003
15336689
27235351
12161025
22300746
30651899
16700886
19628585
21291360
26394756
25792261
30299260
28241315
28600446
22057157
28969107
15109520
10785838
12464117
27706159
10721633
15077189
17263801
16458261
29601930
28027565
7490621
17055066
22326291
17536186
24497405
28810844
14984720
15676091
21271589
8657434
25445365
23624519
23691051
26350298
25727382
23376583
18590349
28495447
29365352
22064661
17942619
22771710
14513681
23665602
26173397
12465116
28390603
26560322
28761113
22975132
16623869
15087711
27449494
11137063
12349849
22998522
31429777
21772846
26747400
12032171
28934387
20046577
22354280
18784648
27687042
8772242
15819411
21677773
10393834
20804843
17964074
17331880
12807437
23326261
22421165
23621521
30860164
23020227
19815005
24269238
10773432
10188930
15909228
28272318
30810241
11975777
28459572
23082101
30825645
30475773
24937765
25873133
30770951
12163692
11535230
30013350
18955589
20392251
11113340
30021213
20832403
21550405
27279902
12810338
17073141
23836292
24083431
13678485
20804592
15829816
30966351
11825317
29941452
10768299
27567640
14593207
12395110
19047102
8595479
20577779
23945478
21118109
12027417
19841487
31384543
28627426
25495911
25954272
24279689
26074195
23954829
9097807
17669555
23736222
27065364
22019718
28898446
27427859
12833435
30669043
21406608
21551525
29358921
27232589
22172650
14518562
28977906
26092313
9633514
18028886
11031088
22264526
31117921
17261787
10468055
30975995
27588078
20136653
22732169
22842730
22675659
10905626
22194355
24376047
14747524
24629894
30524245
29936231
10381664
20185482
14514984
16672892
9020331
23123188
15465596
26309595
21292768
19193873
11085200
29655781
15268969
19271964
18033242
12962912
30108480
23264626
16965287
25218213
30119175
25137397
15803143
17207760
16455070
29902110
21338580
26888177
28633019
29763602
27644143
23307039
9639061
22217979
27040771
21820453
16320370
24032081
26886849
30391509
22980673
27778760
20335454
25337342
19210515
19789324
31365783
20146482
12509849
29076667
11971130
12851463
26227851
21245083
28070599
24470164
23341618
19747466
11812267
14736512
26837068
7720827
21396366
24326390
28193631
28637786
15187831
20587274
28126466
26969468
16679768
27840648
22241608
12376704
29922127
25613302
19355927
23876515
25362048
18945675
9108325
10999549
22944514
28385550
28547797
16863429
7486162
22431614
26409662
10799364
11223986
12869802
27846838
22343314
20107853
27608169
27618492
29846872
26294644
28236848
18537570
24584987
19142198
29434670
26446867
23050817
21596116
26487865
24762816
9109914
19283589
12172382
22247829
17894649
25511900
26359258
10585619
9437770
15725430
22955376
11150483
22422608
24256609
30790623
25001853
11917157
10719151
22245388
23384625
28865107
28288898
22694732
17060566
12357127
22679016
20955797
26910513
19360442
27197667
12408996
21085580
28619985
29622397
24386512
29484149
16936277
22550610
28919220
10415543
11531060
11385833
28442998
27669556
19555673
26113351
21046517
24913576
25674053
26477548
20540993
15950758
23524585
29400711
14996552
29904189
29856028
26881424
11086810
12185192
23756650
19350235
27348499
17671188
28184439
20576953
11812254
25366210
29076411
12399072
20510882
8738031
26785366
22791243
27754822
24440762
24089500
18466333
8618855
17379767
26015982
22178705
27716410
11896149
15837732
19614680
17392572
12297544
9579296
8892335
28742067
26414686
28378105
21688266
27167520
24256194
28296530
25966620
7586495
27184280
31416466
22059113
29562518
30387154
26391610
30700078
23471892
22693133
23184804
27766970
12531459
29246431
11359520
26147975
27889394
25446814
20732352
22045495
30708083
30319858
15145553
12736747
26921691
25478787
17957468
10937128
28664165
9243353
21418190
22732801
22542583
22140444
28485637
20650103
18420023
27800003
8599726
29396962
21383676
9622232
25310732
30030554
26090073
26493995
25217805
27168361
20197086
26357589
7884425
25777063
10907720
10869414
16931994
18216225
15190117
27978795
10834300
20636715
27845852
29947540
28802884
19627607
19159918
27022620
26060008
27765372
17316164
31308798
22659759
27190065
16497231
28320070
29548572
26565554
16289263
20564430
30761996
18220695
22592705
26103618
17976702
29644461
27002226
16052912
10072294
20392961
20542088
12639719
30009175
21805686
10617318
21168408
19396395
23472637
23881426
9055098
16007281
23830938
29279371
28602842
21801071
16750194
19860729
9303571
30843424
30407508
24639050
11686429
27301846
22388935
19948301
23609350
12405389
8581563
20451590
30617057
26604138
9815189
22452753
12589928
30108834
19166876
29390371
17359335
31231577
30804257
23100085
25758339
17475828
27001011
18790023
22840237
28775067
19722043
24060923
27132867
12025813
15183932
16166220
19893033
17101031
19654052
24473149
11603281
22269805
23593267
28826602
22654517
21907197
29272548
18280187
25683606
24250968
22989295
20511188
18668033
30838145
29156207
19054404
16825295
7669227
17549308
29055715
28346434
23062850
24634892
20443629
17614931
27879418
24262163
21383046
18332857
28306235
21311108
28522962
29669056
9847461
26933268
15454666
14711894
29332158
11352092
23453674
30684605
20655484
9195596
24486363
19963043
12457278
21535933
8982668
14659575
26308161
18550243
15185425
15922311
12127673
16631207
18387604
23737563
18311602
20713094
11581198
14518783
21808933
22246225
30691485
23349830
18322378
21777661
29909075
20574029
25765537
19405037
22571329
25888905
31068782
23197740
23520469
25962138
15071611
31364946
25311629
21826209
29241377
14508887
23322451
26076770
26445571
8784217
19051061
26629047
26598579
12243846
26771918
23602192
19588366
25775028
17072762
12544867
12005108
29121965
11904131
27989722
26550457
23380007
14764166
28732812
30417024
15461678
20571973
23770198
30317383
30787942
18624299
18637715
29209220
24394671
21982741
27078266
19723667
20602077
29743920
12846991
14532913
15025560
11746781
22790776
19255337
16224916
29959371
26904161
29150520
29124471
29684390
10886347
24468093
10649172
22117611
24257571
19560049
11666016
15693702
17126295
25450663
10566968
12243851
22503970
24430743
19143652
30024618
20709500
15983460
20876509
17964861
11723276
19545971
30288853
16926446
9585130
10657034
29391234
24444673
24859968
12828935
22709418
25868009
28376086
10894312
12949742
23548124
19522843
23348018
24145188
16860296
26024929
17084121
21117449
11069964
20303348
17825619
11569943
12835654
8786707
16426704
11892941
26260462
10451761
11322451
29962346
27890826
22332641
12679162
25206719
28417936
11160396
12797466
11909982
22476556
18845187
21852885
31523119
9112997
16190930
26264642
24403063
12813335
15548549
26620557
29247871
21495885
26040297
22526467
25061534
9415383
23140374
11641446
29036441
21431540
31263415
7595034
27398453
22030546
26388398
29636063
26572587
29043770
15064626
23844576
24252866
25206658
24670314
27824728
27016427
29245495
16973376
22659306
27916601
9836360
17434235
24513303
12703659
11961141
12846988
23829907
25411436
19481036
12171560
8694861
31161885
19663649
20833197
25557801
9374120
30627005
16540202
25486529
20682291
12548709
25847918
25099823
23209637
15947691
21781674
23443675
12843242
28543594
14720219
30547285
10494351
29039762
29386135
21722095
23824714
23902985
29237931
27245141
23828776
20849866
25541543
28390812
12797954
12702661
21951373
26054694
28450289
23650395
30279741
28179209
27704661
17402853
25867360
18631994
12181692
25048778
25256739
30864870
20201821
19941477
28281525
19160142
19836265
18186670
30459812
14572732
21700213
27800006
11222874
27127495
28841989
30017425
20689549
15007259
31124125
24935393
17290418
26474466
16806421
22123165
13678669
23335424
17613554
25770057
9366411
9163384
20439963
26998835
22210333
12057837
25227586
17276631
22434648
9457154
17878957
21294212
17889422
20709114
23299475
25515509
31439642
29305081
21844485
23712913
16643901
25873862
29958911
25638155
20514033
19388356
27740718
25065981
22867830
30526209
26783004
23689599
21872651
20106727
17317004
22332710
25603864
20846244
12648803
24507387
16181082
16232135
10715556
24852050
27165870
24418114
27437607
15037617
11698056
11423074
23450150
24963276
24086556
22646481
26333788
27159135
23314488
25363748
23579459
9804622
26349631
15241501
7472385
16249925
17459424
18182484
15925391
23243059
11099304
30227388
27940203
16120054
20502722
7562001
11214847
25588581
27110699
11050949
15192288
15534112
28846851
11572663
7644954
16139464
25458015
27319402
27062890
23535834
16361575
30983589
25051175
23116585
31682375
31103973
24088851
21358719
26462663
19941057
8529819
26183885
12973923
22996200
22888312
29500905
30485909
18061283
25432068
9359025
15256472
17168517
23128312
9741531
9254691
22661329
23477308
23690821
15728459
12094140
11045307
17428448
30993336
15610974
12852481
22594498
28269780
22700727
27821167
20363190
19822180
21746865
12070355
16026929
31314869
25344697
11954561
28579453
30208940
10350538
7594557
28197194
11999214
19523306
26017142
30804659
16053696
25802082
12915451
8982107
12387381
21925240
24819305
16144977
19064768
17877636
22042410
29855218
16227640
15841260
23375109
27844333
9361024
15823802
9327904
29453177
11895339
22848603
11289628
17570225
8796354
25030072
19264483
22258837
26374943
17004230
29571848
15899057
16819550
10456288
23704552
8966615
21131857
22825048
19570038
10677610
28728472
18473963
18367595
21445993
23898002
21458887
12898128
27314686
19269948
14558727
24976759
12968112
22012726
26517124
11223657
29490236
26048985
21157302
17350694
11958826
25801156
9731949
8784246
25025489
12448831
22282078
23627890
9778186
12657678
24393357
27460057
28624392
16466594
18693296
29189945
8835640
28671132
26808220
18958373
26051381
9328473
22206815
12853420
21775146
19056914
25244572
15362038
18442969
28739342
26359522
17675288
22575665
31347449
16439159
17521228
19665173
20940447
17032058
22937007
29969788
24050161
27324529
22359071
23207171
17449264
29606355
30592970
20152893
23577303
15192238
16331844
22262761
28676332
29944750
27168835
24167475
20724600
29425965
27338789
24180308
24371084
30144060
22372627
30934958
21358968
16181064
27600929
19764036
22735240
27457999
21772045
29614651
23413946
30540963
10893000
25418426
22507899
11457487
22265659
19076433
15580166
28591721
18096215
12954366
9495642
30116756
23305707
9793744
29766027
23738998
30524233
11105664
8581557
28862927
9486620
23185260
29023182
25048636
24046781
19429142
23315270
26005184
11380070
30355112
28775952
27538261
21395813
9778605
28474504
20360540
25836613
12749955
25080220
26944125
12856717
22039794
23933912
22922230
30428311
23294734
12119151
8614221
21440606
19111539
16893071
26908589
10891916
16054509
23665870
9693651
30524653
21530687
30593399
17979788
25000841
20068555
29198923
22166418
19404644
18594562
29075337
21727899
29799115
27663182
11862988
22924007
22445004
8747758
10518687
17368952
21879289
17657601
27480609
22329648
21076883
17764439
17695395
31141608
20607862
22092537
19370411
30535609
27981472
24649838
28423580
28597712
21952604
11760876
27345423
27561791
19075249
26154068
22253477
11282267
23425507
16276420
21926571
24811816
27045751
30958369
12925731
14707428
20049624
24337394
23499872
27317835
12952292
25889278
20183877
29096380
10370715
29699380
30559016
29155769
28748860
12075989
19084089
28095830
25690257
25466238
17119288
17681452
18820769
18635668
27734895
30847645
9566363
11803706
15168229
21426203
27221326
12887681
27354958
29225305
19317465
25030203
30797643
23457343
25290336
17158915
25400548
8750698
22892665
25904802
8869907
16651821
24793543
12112935
15636009
28592694
29426770
11452230
30326192
23096357
11189003
24060674
22000661
16932287
23515364
15365920
26481113
27051439
24957018
15144866
27012759
28456305
25042693
14745891
18588993
25258170
27774434
26778341
11358451
12792495
25605420
18786602
30439596
29199996
23261829
15221415
17894024
24117114
15167063
17482650
29541355
18556138
25115727
28571715
11687903
22474617
14697331
7617823
17067292
24360800
25979781
29160736
27689989
26702072
21799193
18514574
17979789
14665520
24835468
11930160
22383077
16537939
15317866
23314279
16100750
24374478
23627469
25477239
27541001
14749197
15967377
25388329
22475743
20008680
23779152
15147311
16396903
19182083
21647173
20164551
9527117
24530419
29636836
7646537
29478713
23540695
29219207
26940841
9726343
20713670
25786125
21886556
19277012
24796550
29498006
17561173
27384073
10657670
20637219
21245403
16094162
17390338
10023126
27415592
25161693
22285250
21854739
21499442
15181254
18839026
29674241
18554730
24277150
20558163
22447574
18302958
8738375
27424654
23994594
20490324
20216985
29288626
16344671
15488322
27314344
16243435
18559622
22461064
21811437
9848005
28074389
26175578
23966991
11257477
16354295
16817866
17672216
9196729
15044002
11300719
24930601
15977946
28601633
17765719
16158251
17893919
30794846
15276670
28145509
16288102
26303488
11522578
7501258
22584551
12090546
9974172
23563479
22815978
9304698
29458842
29970483
11435914
24497269
29316653
30551458
21775214
29043988
27373153
21512896
11459877
24517364
16769346
21429524
27400792
26903150
11908238
18947400
19816055
21494611
16449896
18186108
15236860
22963467
25656689
15923395
19211042
16410936
30670631
15590729
24871545
23022673
15452598
22065105
12894158
29434264
17451620
22296920
20051632
11679091
16393151
20021213
28740171
16482522
27798187
21117918
28062081
25204546
19898616
20138281
21559853
22475209
18574457
26767951
18582443
23158141
12169296
29033791
9667553
30678338
29024930
12154003
18205920
10854260
25926719
10386988
11147571
27470063
16960094
19247725
11159042
23314408
29386551
21562856
21910862
23716446
10438114
12009776
27810788
17963313
27011380
26831167
23021242
10509432
27341774
27137488
14991816
29330155
24559838
29370308
23660699
19013457
28968554
25378634
19667183
25447934
16773639
31208037
29133176
27061983
11094244
22982524
28148838
30288371
19076696
30071147
21375141
29872801
27133356
18343676
26476584
17004085
14657790
29618365
22813883
17382581
21751222
28843913
14742253
15271431
18608093
24870235
23790775
15654097
20151025
17065616
28070857
21945561
19716395
27903196
9187016
9920651
23729245
12392201
25622980
15309925
10849553
18223617
15105254
30286390
10812214
31002267
17425581
29239385
7601365
18722891
16765619
23403104
27085204
30222959
19124044
27160064
17329297
12621288
10837551
30181689
15202722
27016056
10068526
26780572
21253949
22436247
27223666
29968707
26607913
14676142
29461335
9090633
29453736
19906966
24622829
22007343
26452615
8770931
10685877
23826736
29370536
27695711
20143075
20536931
24576906
15191807
16995531
15183662
15652403
22436849
27633784
16309894
22770766
27734045
24016610
16580502
28382851
25957028
22183715
16421506
26015956
21740529
26408700
26707550
28456769
21871540
21841251
30505657
20826067
22958226
25827815
25099276
10504604
24581050
28065690
25802481
23634926
11559509
26136493
29305122
15379633
26330839
11894129
29115639
30500399
26220979
26395917
29246624
7477741
26993425
9497333
25446804
20395820
27172969
18500217
16307448
22053938
26723274
28565942
27639585
29287793
21044081
15142399
20010425
19246690
23360951
27408793
26571365
29786105
16267240
16547751
28753652
28124637
10646495
22995985
21264243
16270066
21996270
27288077
28665507
30252487
7473807
23338224
29293476
25623966
26634157
9622253
19822222
24604685
29490017
18422331
26053521
17627526
12077209
28559973
10690772
26887325
27757017
9652221
11091302
22509311
27305894
12777917
10514828
28343725
24721189
15580960
28294240
24602247
9389730
24250796
26196248
25858541
20461523
22458414
12935786
20162617
18482334
31005697
23994662
27316772
27262683
17630496
30875206
22627392
16382120
21934352
23635551
24241345
23032184
11737079
21509809
22913315
18034588
21878945
14633735
16814516
24671090
9017256
26339274
18437209
21112312
12217624
24806891
27863931
14706380
21520087
17465801
26350778
26112083
15007043
7600198
20138919
15537749
16697366
22470395
8743527
22515627
25926999
28045014
17638302
24942376
28632969
26232233
26845377
17011127
12106808
23174558
24250555
29722317
19303749
28630410
27100385
22340320
22920579
28515679
28988152
25857732
17290229
27296114
27733015
19274348
25015641
9030401
24712408
21508226
20082612
26515032
24833716
29323501
29395672
29976621
19383886
11568554
15696406
22547603
9893924
12097329
29670526
12226745
7472468
10674629
28082327
29477413
23324588
30160213
29729431
21595861
10390672
8708533
20519424
16379585
22202905
18257768
18706086
20717763
8985951
21296093
26246657
17073588
18619545
15623601
21614099
12441757
20723826
22943535
12371157
28400986
20645406
25954121
22628218
16253245
19527825
24126546
27153546
26468188
9408343
21770477
9769424
22365778
27130721
27011017
30783978
24296962
9010647
18045186
18067952
15169786
29345963
15146239
26959397
26194617
28054340
26568330
21964421
30370446
23389290
29170092
10877921
27464702
9733603
11597606
15477544
30671176
23186720
26419261
12460955
30962276
26847596
18485093
25882235
31124421
21314332
12192085
23687072
30422940
27421842
15919152
8583357
29736562
25738463
23623990
11939502
28495596
24333674
21617890
25360704
23209328
22186720
18412317
10832704
25398377
17153588
24961568
19608874
28421877
14670179
28360013
28019725
28382000
11875496
10678355
21383614
11990164
28035534
23008398
25698917
16534336
24420786
24843394
10442254
29538236
30387159
23263329
24820245
12351283
27884751
28363752
19586629
12440358
21436066
16945100
12621027
25141262
14552882
20854429
16188952
12591156
9744832
27147525
28527896
19763090
26662147
29114087
14687413
25960754
25452429
25789441
30571684
28525982