              precision    recall  f1-score   support

           0       0.87      0.83      0.85       172
           1       0.79      0.89      0.84        75
           2       0.65      0.62      0.63        42
           3       0.76      0.78      0.77        36
           4       0.86      0.91      0.88        33
           5       0.78      0.68      0.72        31
           6       0.74      0.77      0.75        30
           7       1.00      1.00      1.00        22
           8       0.68      0.62      0.65        21
           9       0.80      0.89      0.84        18
          10       0.69      0.56      0.62        16
          11       0.74      0.93      0.82        15
          12       1.00      1.00      1.00        12
          13       0.56      0.45      0.50        11

    accuracy                           0.80       534
   macro avg       0.78      0.78      0.78       534
weighted avg       0.80      0.80      0.80       534
