              precision    recall  f1-score   support

           0       0.89      0.85      0.87       172
           1       0.92      0.87      0.89        75
           2       0.65      0.71      0.68        42
           3       0.85      0.78      0.81        36
           4       0.89      0.97      0.93        33
           5       0.69      0.87      0.77        31
           6       0.79      0.77      0.78        30
           7       1.00      1.00      1.00        22
           8       0.77      0.81      0.79        21
           9       0.80      0.89      0.84        18
          10       0.85      0.69      0.76        16
          11       0.78      0.93      0.85        15
          12       1.00      1.00      1.00        12
          13       0.56      0.45      0.50        11

    accuracy                           0.84       534
   macro avg       0.82      0.83      0.82       534
weighted avg       0.84      0.84      0.84       534
