              precision    recall  f1-score   support

           0       0.85      0.85      0.85       172
           1       0.82      0.92      0.87        75
           2       0.66      0.55      0.60        42
           3       0.72      0.72      0.72        36
           4       0.91      0.91      0.91        33
           5       0.81      0.81      0.81        31
           6       0.74      0.87      0.80        30
           7       0.88      0.95      0.91        22
           8       0.79      0.52      0.63        21
           9       0.76      0.89      0.82        18
          10       0.82      0.56      0.67        16
          11       0.76      0.87      0.81        15
          12       0.92      1.00      0.96        12
          13       0.50      0.36      0.42        11

    accuracy                           0.81       534
   macro avg       0.78      0.77      0.77       534
weighted avg       0.80      0.81      0.80       534
