              precision    recall  f1-score   support

           0       0.81      0.84      0.83       172
           1       0.84      0.77      0.81        75
           2       0.69      0.57      0.62        42
           3       0.78      0.78      0.78        36
           4       0.94      0.88      0.91        33
           5       0.73      0.71      0.72        31
           6       0.73      0.73      0.73        30
           7       0.92      1.00      0.96        22
           8       0.62      0.71      0.67        21
           9       0.81      0.94      0.87        18
          10       0.71      0.75      0.73        16
          11       0.70      0.93      0.80        15
          12       0.92      1.00      0.96        12
          13       0.57      0.36      0.44        11

    accuracy                           0.79       534
   macro avg       0.77      0.78      0.77       534
weighted avg       0.79      0.79      0.79       534
