              precision    recall  f1-score   support

           0       0.89      0.87      0.88       172
           1       0.92      0.92      0.92        75
           2       0.68      0.71      0.70        42
           3       0.85      0.81      0.83        36
           4       0.91      0.97      0.94        33
           5       0.76      0.84      0.80        31
           6       0.83      0.80      0.81        30
           7       0.88      0.95      0.91        22
           8       0.80      0.76      0.78        21
           9       0.89      0.94      0.92        18
          10       0.86      0.75      0.80        16
          11       0.82      0.93      0.88        15
          12       1.00      1.00      1.00        12
          13       0.67      0.55      0.60        11

    accuracy                           0.86       534
   macro avg       0.84      0.84      0.84       534
weighted avg       0.86      0.86      0.86       534
