              precision    recall  f1-score   support

           0       0.88      0.86      0.87       172
           1       0.80      0.91      0.85        75
           2       0.71      0.69      0.70        42
           3       0.84      0.72      0.78        36
           4       0.91      0.91      0.91        33
           5       0.70      0.97      0.81        31
           6       0.84      0.70      0.76        30
           7       0.91      0.95      0.93        22
           8       1.00      0.57      0.73        21
           9       0.94      0.89      0.91        18
          10       0.86      0.75      0.80        16
          11       0.78      0.93      0.85        15
          12       1.00      1.00      1.00        12
          13       0.67      0.73      0.70        11

    accuracy                           0.84       534
   macro avg       0.84      0.83      0.83       534
weighted avg       0.84      0.84      0.84       534
