              precision    recall  f1-score   support

           0       0.87      0.91      0.89       172
           1       0.89      0.93      0.91        75
           2       0.74      0.60      0.66        42
           3       0.83      0.67      0.74        36
           4       0.94      0.88      0.91        33
           5       0.76      0.90      0.82        31
           6       0.86      0.83      0.85        30
           7       0.92      1.00      0.96        22
           8       0.88      0.71      0.79        21
           9       0.81      0.94      0.87        18
          10       1.00      0.81      0.90        16
          11       0.74      0.93      0.82        15
          12       1.00      0.92      0.96        12
          13       0.56      0.45      0.50        11

    accuracy                           0.85       534
   macro avg       0.84      0.82      0.83       534
weighted avg       0.85      0.85      0.85       534
