              precision    recall  f1-score   support

           0       0.88      0.81      0.85       172
           1       0.88      0.91      0.89        75
           2       0.62      0.74      0.67        42
           3       0.79      0.64      0.71        36
           4       0.93      0.85      0.89        33
           5       0.76      0.84      0.80        31
           6       0.81      0.87      0.84        30
           7       0.92      1.00      0.96        22
           8       0.65      0.81      0.72        21
           9       0.85      0.94      0.89        18
          10       1.00      0.75      0.86        16
          11       0.78      0.93      0.85        15
          12       1.00      1.00      1.00        12
          13       0.64      0.64      0.64        11

    accuracy                           0.83       534
   macro avg       0.82      0.84      0.83       534
weighted avg       0.84      0.83      0.83       534
