              precision    recall  f1-score   support

           0       0.88      0.86      0.87       172
           1       0.89      0.87      0.88        75
           2       0.71      0.69      0.70        42
           3       0.81      0.69      0.75        36
           4       0.86      0.94      0.90        33
           5       0.70      0.84      0.76        31
           6       0.78      0.83      0.81        30
           7       0.79      1.00      0.88        22
           8       0.87      0.62      0.72        21
           9       0.94      0.89      0.91        18
          10       0.92      0.69      0.79        16
          11       0.68      0.87      0.76        15
          12       0.92      0.92      0.92        12
          13       0.50      0.55      0.52        11

    accuracy                           0.83       534
   macro avg       0.80      0.80      0.80       534
weighted avg       0.83      0.83      0.83       534
