              precision    recall  f1-score   support

           0       0.85      0.90      0.87       172
           1       0.90      0.87      0.88        75
           2       0.79      0.52      0.63        42
           3       0.71      0.61      0.66        36
           4       0.80      1.00      0.89        33
           5       0.77      0.77      0.77        31
           6       0.74      0.87      0.80        30
           7       0.95      0.95      0.95        22
           8       0.83      0.71      0.77        21
           9       0.80      0.89      0.84        18
          10       0.80      0.50      0.62        16
          11       0.67      0.93      0.78        15
          12       0.92      1.00      0.96        12
          13       0.60      0.55      0.57        11

    accuracy                           0.82       534
   macro avg       0.80      0.79      0.79       534
weighted avg       0.82      0.82      0.81       534
