              precision    recall  f1-score   support

           0       0.83      0.85      0.84       172
           1       0.84      0.88      0.86        75
           2       0.76      0.60      0.67        42
           3       0.79      0.75      0.77        36
           4       0.89      1.00      0.94        33
           5       0.76      0.84      0.80        31
           6       0.74      0.83      0.78        30
           7       0.95      0.95      0.95        22
           8       0.93      0.67      0.78        21
           9       0.85      0.94      0.89        18
          10       0.86      0.75      0.80        16
          11       0.74      0.93      0.82        15
          12       1.00      1.00      1.00        12
          13       0.67      0.36      0.47        11

    accuracy                           0.83       534
   macro avg       0.83      0.81      0.81       534
weighted avg       0.83      0.83      0.82       534
