              precision    recall  f1-score   support

           0       0.87      0.88      0.88       172
           1       0.89      0.87      0.88        75
           2       0.71      0.71      0.71        42
           3       0.77      0.67      0.72        36
           4       0.89      0.97      0.93        33
           5       0.77      0.87      0.82        31
           6       0.86      0.80      0.83        30
           7       0.95      0.82      0.88        22
           8       0.72      0.86      0.78        21
           9       0.84      0.89      0.86        18
          10       0.93      0.88      0.90        16
          11       0.70      0.93      0.80        15
          12       1.00      1.00      1.00        12
          13       0.67      0.36      0.47        11

    accuracy                           0.84       534
   macro avg       0.83      0.82      0.82       534
weighted avg       0.84      0.84      0.84       534
