              precision    recall  f1-score   support

           0       0.86      0.90      0.88       172
           1       0.83      0.92      0.87        75
           2       0.82      0.55      0.66        42
           3       0.79      0.72      0.75        36
           4       0.94      0.88      0.91        33
           5       0.70      0.97      0.81        31
           6       0.92      0.77      0.84        30
           7       0.91      0.95      0.93        22
           8       0.94      0.71      0.81        21
           9       0.89      0.89      0.89        18
          10       0.92      0.75      0.83        16
          11       0.78      0.93      0.85        15
          12       1.00      1.00      1.00        12
          13       0.45      0.45      0.45        11

    accuracy                           0.84       534
   macro avg       0.84      0.81      0.82       534
weighted avg       0.85      0.84      0.84       534
