              precision    recall  f1-score   support

           0       0.85      0.86      0.86       172
           1       0.88      0.89      0.89        75
           2       0.69      0.60      0.64        42
           3       0.78      0.58      0.67        36
           4       0.87      1.00      0.93        33
           5       0.77      0.77      0.77        31
           6       0.85      0.77      0.81        30
           7       0.92      1.00      0.96        22
           8       0.67      0.86      0.75        21
           9       0.85      0.94      0.89        18
          10       0.81      0.81      0.81        16
          11       0.81      0.87      0.84        15
          12       1.00      1.00      1.00        12
          13       0.60      0.55      0.57        11

    accuracy                           0.83       534
   macro avg       0.81      0.82      0.81       534
weighted avg       0.83      0.83      0.82       534
